20170630-5
10.0     10200
10.0143  10200
10.0286  10200
10.0429  10261
10.0572  10319
10.0715  10431
10.0858  10454
10.1001  10511
10.1144  10584
10.1287  10615
10.143   10652
10.1573  10713
10.1716  10706
10.1859  10748
10.2002  10798
10.2145  10845
10.2288  10938
10.2431  10973
10.2574  11069
10.2717  11094
10.286   11114
10.3003  11195
10.3146  11252
10.3289  11271
10.3432  11337
10.3575  11325
10.3718  11283
10.3861  11298
10.4004  11346
10.4147  11387
10.429   11439
10.4433  11416
10.4576  11359
10.4719  11329
10.4862  11305
10.5005  11358
10.5148  11343
10.5291  11338
10.5434  11338
10.5577  11305
10.572   11312
10.5863  11341
10.6006  11415
10.6149  11475
10.6292  11531
10.6435  11544
10.6578  11554
10.6721  11606
10.6864  11645
10.7007  11683
10.715   11733
10.7293  11738
10.7436  11743
10.7579  11770
10.7722  11824
10.7865  11835
10.8008  11848
10.8151  11908
10.8294  11973
10.8437  12009
10.858   12041
10.8723  12073
10.8866  12107
10.9009  12127
10.9152  12190
10.9295  12187
10.9438  12147
10.9581  12125
10.9724  12082
10.9867  12036
11.001   11998
11.0153  11972
11.0296  11965
11.0439  11950
11.0582  11948
11.0725  11963
11.0868  11959
11.1011  12010
11.1154  12074
11.1297  12102
11.144   12118
11.1583  12145
11.1726  12148
11.1869  12186
11.2012  12219
11.2155  12232
11.2298  12278
11.2441  12304
11.2584  12328
11.2727  12376
11.287   12371
11.3013  12393
11.3156  12455
11.3299  12486
11.3442  12516
11.3585  12513
11.3728  12487
11.3871  12488
11.4014  12509
11.4157  12555
11.43    12582
11.4443  12605
11.4586  12585
11.4729  12605
11.4872  12513
11.5015  12479
11.5158  12482
11.5301  12449
11.5444  12448
11.5587  12430
11.573   12446
11.5873  12448
11.6016  12493
11.6159  12563
11.6302  12616
11.6445  12641
11.6588  12674
11.6731  12701
11.6874  12622
11.7017  12646
11.716   12680
11.7303  12707
11.7446  12752
11.7589  12757
11.7732  12809
11.7875  12753
11.8018  12761
11.8161  12785
11.8304  12868
11.8447  12879
11.859   12930
11.8733  12914
11.8876  12893
11.9019  12977
11.9162  13021
11.9305  13066
11.9448  13105
11.9591  13086
11.9734  13045
11.9877  12964
12.002   12962
12.0163  12948
12.0306  12958
12.0449  12894
12.0592  12843
12.0735  12832
12.0878  12860
12.1021  12903
12.1164  12976
12.1307  13025
12.145   13055
12.1593  13068
12.1736  13053
12.1879  13069
12.2022  13070
12.2165  13055
12.2308  13074
12.2451  13029
12.2594  13022
12.2737  13048
12.288   13115
12.3023  13134
12.3166  13136
12.3309  13183
12.3452  13230
12.3595  13279
12.3738  13279
12.3881  13285
12.4024  13311
12.4167  13364
12.431   13407
12.4453  13435
12.4596  13461
12.4739  13457
12.4882  13455
12.5025  13404
12.5168  13365
12.5311  13375
12.5454  13323
12.5597  13278
12.574   13209
12.5883  13220
12.6026  13235
12.6169  13219
12.6312  13317
12.6455  13400
12.6598  13445
12.6741  13485
12.6884  13500
12.7027  13534
12.717   13525
12.7313  13517
12.7456  13518
12.7599  13479
12.7742  13473
12.7885  13484
12.8028  13500
12.8171  13496
12.8314  13549
12.8457  13622
12.86    13635
12.8743  13635
12.8886  13658
12.9029  13678
12.9172  13703
12.9315  13742
12.9458  13778
12.9601  13797
12.9744  13797
12.9887  13767
13.003   13768
13.0173  13678
13.0316  13648
13.0459  13640
13.0602  13585
13.0745  13566
13.0888  13581
13.1031  13620
13.1174  13653
13.1317  13699
13.146   13785
13.1603  13844
13.1746  13836
13.1889  13881
13.2032  13911
13.2175  13827
13.2318  13825
13.2461  13829
13.2604  13812
13.2747  13796
13.289   13781
13.3033  13808
13.3176  13799
13.3319  13808
13.3462  13832
13.3605  13904
13.3748  13907
13.3891  13955
13.4034  13939
13.4177  13909
13.432   13960
13.4463  14001
13.4606  14033
13.4749  14080
13.4892  14083
13.5035  14060
13.5178  13998
13.5321  13946
13.5464  13922
13.5607  13920
13.575   13838
13.5893  13787
13.6036  13725
13.6179  13736
13.6322  13743
13.6465  13841
13.6608  13870
13.6751  13894
13.6894  13933
13.7037  13967
13.718   13977
13.7323  13941
13.7466  13941
13.7609  13957
13.7752  13942
13.7895  13945
13.8038  13974
13.8181  14068
13.8324  14091
13.8467  14100
13.861   14097
13.8753  14195
13.8896  14225
13.9039  14258
13.9182  14207
13.9325  14153
13.9468  14168
13.9611  14194
13.9754  14231
13.9897  14266
14.004   14304
14.0183  14252
14.0326  14178
14.0469  14137
14.0612  14122
14.0755  14080
14.0898  13990
14.1041  13933
14.1184  13893
14.1327  13872
14.147   13872
14.1613  13954
14.1756  14041
14.1899  14096
14.2042  14153
14.2185  14145
14.2328  14183
14.2471  14178
14.2614  14174
14.2757  14196
14.29    14167
14.3043  14158
14.3186  14202
14.3329  14230
14.3472  14238
14.3615  14245
14.3758  14343
14.3901  14382
14.4044  14434
14.4187  14407
14.433   14395
14.4473  14376
14.4616  14397
14.4759  14424
14.4902  14393
14.5045  14370
14.5188  14316
14.5331  14270
14.5474  14183
14.5617  14158
14.576   14194
14.5903  14134
14.6046  14150
14.6189  14085
14.6332  14128
14.6475  14129
14.6618  14171
14.6761  14272
14.6904  14291
14.7047  14296
14.719   14291
14.7333  14321
14.7476  14330
14.7619  14295
14.7762  14303
14.7905  14306
14.8048  14321
14.8191  14314
14.8334  14349
14.8477  14369
14.862   14392
14.8763  14411
14.8906  14436
14.9049  14397
14.9192  14406
14.9335  14401
14.9478  14376
14.9621  14318
14.9764  14358
14.9907  14395
15.005   14435
15.0193  14453
15.0336  14415
15.0479  14398
15.0622  14328
15.0765  14270
15.0908  14271
15.1051  14222
15.1194  14186
15.1337  14137
15.148   14174
15.1623  14162
15.1766  14217
15.1909  14295
15.2052  14336
15.2195  14329
15.2338  14352
15.2481  14386
15.2624  14304
15.2767  14329
15.291   14361
15.3053  14338
15.3196  14299
15.3339  14316
15.3482  14429
15.3625  14401
15.3768  14440
15.3911  14494
15.4054  14564
15.4197  14565
15.434   14606
15.4483  14571
15.4626  14503
15.4769  14591
15.4912  14601
15.5055  14566
15.5198  14620
15.5341  14660
15.5484  14686
15.5627  14577
15.577   14553
15.5913  14539
15.6056  14496
15.6199  14437
15.6342  14379
15.6485  14312
15.6628  14290
15.6771  14307
15.6914  14301
15.7057  14342
15.72    14432
15.7343  14468
15.7486  14495
15.7629  14454
15.7772  14484
15.7915  14433
15.8058  14491
15.8201  14516
15.8344  14483
15.8487  14497
15.863   14496
15.8773  14526
15.8916  14539
15.9059  14543
15.9202  14591
15.9345  14594
15.9488  14619
15.9631  14594
15.9774  14597
15.9917  14563
16.006   14642
16.0203  14664
16.0346  14659
16.0489  14651
16.0632  14563
16.0775  14538
16.0918  14474
16.1061  14408
16.1204  14401
16.1347  14362
16.149   14347
16.1633  14349
16.1776  14355
16.1919  14357
16.2062  14460
16.2205  14533
16.2348  14561
16.2491  14567
16.2634  14534
16.2777  14521
16.292   14491
16.3063  14504
16.3206  14508
16.3349  14509
16.3492  14503
16.3635  14503
16.3778  14502
16.3921  14508
16.4064  14548
16.4207  14593
16.435   14620
16.4493  14614
16.4636  14620
16.4779  14585
16.4922  14568
16.5065  14608
16.5208  14696
16.5351  14750
16.5494  14781
16.5637  14768
16.578   14724
16.5923  14669
16.6066  14642
16.6209  14642
16.6352  14551
16.6495  14482
16.6638  14408
16.6781  14352
16.6924  14300
16.7067  14335
16.721   14430
16.7353  14479
16.7496  14484
16.7639  14522
16.7782  14554
16.7925  14487
16.8068  14523
16.8211  14551
16.8354  14554
16.8497  14568
16.864   14544
16.8783  14617
16.8926  14615
16.9069  14660
16.9212  14708
16.9355  14815
16.9498  14796
16.9641  14844
16.9784  14800
16.9927  14685
17.007   14699
17.0213  14692
17.0356  14712
17.0499  14724
17.0642  14697
17.0785  14657
17.0928  14614
17.1071  14627
17.1214  14636
17.1357  14679
17.15    14611
17.1643  14560
17.1786  14504
17.1929  14472
17.2072  14475
17.2215  14564
17.2358  14596
17.2501  14615
17.2644  14606
17.2787  14607
17.293   14630
17.3073  14626
17.3216  14624
17.3359  14630
17.3502  14562
17.3645  14544
17.3788  14582
17.3931  14629
17.4074  14649
17.4217  14656
17.436   14681
17.4503  14744
17.4646  14787
17.4789  14790
17.4932  14755
17.5075  14704
17.5218  14701
17.5361  14733
17.5504  14761
17.5647  14794
17.579   14774
17.5933  14687
17.6076  14644
17.6219  14635
17.6362  14666
17.6505  14624
17.6648  14587
17.6791  14506
17.6934  14505
17.7077  14486
17.722   14500
17.7363  14589
17.7506  14621
17.7649  14621
17.7792  14610
17.7935  14565
17.8078  14644
17.8221  14608
17.8364  14597
17.8507  14574
17.865   14551
17.8793  14541
17.8936  14584
17.9079  14628
17.9222  14632
17.9365  14630
17.9508  14671
17.9651  14687
17.9794  14702
17.9937  14705
18.008   14721
18.0223  14684
18.0366  14703
18.0509  14709
18.0652  14719
18.0795  14713
18.0938  14684
18.1081  14677
18.1224  14570
18.1367  14543
18.151   14541
18.1653  14469
18.1796  14478
18.1939  14412
18.2082  14446
18.2225  14448
18.2368  14474
18.2511  14537
18.2654  14574
18.2797  14581
18.294   14620
18.3083  14655
18.3226  14619
18.3369  14628
18.3512  14629
18.3655  14581
18.3798  14584
18.3941  14535
18.4084  14591
18.4227  14609
18.437   14606
18.4513  14621
18.4656  14692
18.4799  14703
18.4942  14722
18.5085  14706
18.5228  14646
18.5371  14606
18.5514  14620
18.5657  14643
18.58    14687
18.5943  14724
18.6086  14705
18.6229  14687
18.6372  14616
18.6515  14584
18.6658  14538
18.6801  14467
18.6944  14380
18.7087  14348
18.723   14331
18.7373  14334
18.7516  14393
18.7659  14488
18.7802  14544
18.7945  14607
18.8088  14635
18.8231  14663
18.8374  14612
18.8517  14621
18.866   14599
18.8803  14583
18.8946  14601
18.9089  14634
18.9232  14695
18.9375  14676
18.9518  14644
18.9661  14671
18.9804  14714
18.9947  14729
19.009   14754
19.0233  14674
19.0376  14605
19.0519  14660
19.0662  14657
19.0805  14659
19.0948  14733
19.1091  14735
19.1234  14722
19.1377  14580
19.152   14532
19.1663  14538
19.1806  14492
19.1949  14434
19.2092  14403
19.2235  14298
19.2378  14325
19.2521  14357
19.2664  14413
19.2807  14476
19.295   14528
19.3093  14562
19.3236  14592
19.3379  14578
19.3522  14632
19.3665  14582
19.3808  14585
19.3951  14588
19.4094  14581
19.4237  14560
19.438   14583
19.4523  14626
19.4666  14645
19.4809  14602
19.4952  14699
19.5095  14760
19.5238  14814
19.5381  14779
19.5524  14733
19.5667  14674
19.581   14717
19.5953  14712
19.6096  14694
19.6239  14614
19.6382  14551
19.6525  14544
19.6668  14507
19.6811  14483
19.6954  14552
19.7097  14528
19.724   14505
19.7383  14502
19.7526  14499
19.7669  14501
19.7812  14551
19.7955  14589
19.8098  14608
19.8241  14556
19.8384  14578
19.8527  14580
19.867   14593
19.8813  14632
19.8956  14631
19.9099  14642
19.9242  14643
19.9385  14647
19.9528  14654
19.9671  14600
19.9814  14602
19.9957  14676
20.01    14673
20.0243  14638
20.0386  14613
20.0529  14590
20.0672  14600
20.0815  14648
20.0958  14658
20.1101  14678
20.1244  14700
20.1387  14608
20.153   14580
20.1673  14496
20.1816  14531
20.1959  14555
20.2102  14504
20.2245  14484
20.2388  14420
20.2531  14458
20.2674  14439
20.2817  14456
20.296   14500
20.3103  14549
20.3246  14577
20.3389  14550
20.3532  14609
20.3675  14559
20.3818  14608
20.3961  14609
20.4104  14610
20.4247  14636
20.439   14622
20.4533  14680
20.4676  14647
20.4819  14625
20.4962  14655
20.5105  14723
20.5248  14711
20.5391  14736
20.5534  14674
20.5677  14596
20.582   14609
20.5963  14593
20.6106  14618
20.6249  14676
20.6392  14637
20.6535  14542
20.6678  14505
20.6821  14498
20.6964  14516
20.7107  14518
20.725   14479
20.7393  14446
20.7536  14399
20.7679  14416
20.7822  14407
20.7965  14473
20.8108  14544
20.8251  14562
20.8394  14509
20.8537  14502
20.868   14569
20.8823  14543
20.8966  14559
20.9109  14578
20.9252  14583
20.9395  14588
20.9538  14586
20.9681  14626
20.9824  14636
20.9967  14649
21.011   14691
21.0253  14687
21.0396  14660
21.0539  14641
21.0682  14573
21.0825  14524
21.0968  14564
21.1111  14566
21.1254  14607
21.1397  14593
21.154   14555
21.1683  14526
21.1826  14492
21.1969  14500
21.2112  14492
21.2255  14420
21.2398  14385
21.2541  14309
21.2684  14316
21.2827  14340
21.297   14324
21.3113  14405
21.3256  14464
21.3399  14512
21.3542  14537
21.3685  14516
21.3828  14546
21.3971  14546
21.4114  14534
21.4257  14539
21.44    14534
21.4543  14514
21.4686  14535
21.4829  14564
21.4972  14546
21.5115  14582
21.5258  14642
21.5401  14687
21.5544  14660
21.5687  14636
21.583   14579
21.5973  14516
21.6116  14518
21.6259  14555
21.6402  14585
21.6545  14596
21.6688  14554
21.6831  14546
21.6974  14488
21.7117  14504
21.726   14513
21.7403  14445
21.7546  14422
21.7689  14372
21.7832  14316
21.7975  14245
21.8118  14265
21.8261  14352
21.8404  14398
21.8547  14428
21.869   14457
21.8833  14520
21.8976  14524
21.9119  14576
21.9262  14606
21.9405  14599
21.9548  14639
21.9691  14596
21.9834  14607
21.9977  14565
22.012   14559
22.0263  14555
22.0406  14628
22.0549  14586
22.0692  14570
22.0835  14562
22.0978  14524
22.1121  14548
22.1264  14566
22.1407  14577
22.155   14585
22.1693  14598
22.1836  14568
22.1979  14489
22.2122  14477
22.2265  14478
22.2408  14508
22.2551  14408
22.2694  14388
22.2837  14365
22.298   14366
22.3123  14340
22.3266  14409
22.3409  14439
22.3552  14443
22.3695  14488
22.3838  14421
22.3981  14440
22.4124  14426
22.4267  14449
22.441   14493
22.4553  14457
22.4696  14459
22.4839  14459
22.4982  14512
22.5125  14511
22.5268  14538
22.5411  14537
22.5554  14597
22.5697  14595
22.584   14585
22.5983  14590
22.6126  14502
22.6269  14523
22.6412  14556
22.6555  14546
22.6698  14592
22.6841  14591
22.6984  14510
22.7127  14471
22.727   14471
22.7413  14438
22.7556  14378
22.7699  14326
22.7842  14272
22.7985  14278
22.8128  14222
22.8271  14261
22.8414  14355
22.8557  14413
22.87    14442
22.8843  14443
22.8986  14409
22.9129  14468
22.9272  14451
22.9415  14415
22.9558  14405
22.9701  14410
22.9844  14387
22.9987  14408
23.013   14461
23.0273  14518
23.0416  14504
23.0559  14553
23.0702  14529
23.0845  14524
23.0988  14501
23.1131  14473
23.1274  14428
23.1417  14430
23.156   14424
23.1703  14411
23.1846  14397
23.1989  14345
23.2132  14379
23.2275  14340
23.2418  14325
23.2561  14369
23.2704  14303
23.2847  14292
23.299   14267
23.3133  14307
23.3276  14337
23.3419  14351
23.3562  14421
23.3705  14423
23.3848  14443
23.3991  14406
23.4134  14425
23.4277  14448
23.442   14455
23.4563  14458
23.4706  14440
23.4849  14421
23.4992  14416
23.5135  14457
23.5278  14499
23.5421  14458
23.5564  14444
23.5707  14470
23.585   14445
23.5993  14387
23.6136  14383
23.6279  14372
23.6422  14340
23.6565  14352
23.6708  14381
23.6851  14419
23.6994  14431
23.7137  14411
23.728   14425
23.7423  14355
23.7566  14359
23.7709  14388
23.7852  14286
23.7995  14252
23.8138  14232
23.8281  14265
23.8424  14237
23.8567  14299
23.871   14369
23.8853  14425
23.8996  14398
23.9139  14432
23.9282  14434
23.9425  14348
23.9568  14363
23.9711  14340
23.9854  14276
23.9997  14270
24.014   14278
24.0283  14353
24.0426  14291
24.0569  14315
24.0712  14350
24.0855  14434
24.0998  14410
24.1141  14489
24.1284  14468
24.1427  14433
24.157   14494
24.1713  14499
24.1856  14455
24.1999  14560
24.2142  14593
24.2285  14584
24.2428  14458
24.2571  14415
24.2714  14412
24.2857  14418
24.3     14334
24.3143  14323
24.3286  14242
24.3429  14211
24.3572  14186
24.3715  14218
24.3858  14288
24.4001  14420
24.4144  14429
24.4287  14456
24.443   14416
24.4573  14486
24.4716  14486
24.4859  14521
24.5002  14509
24.5145  14509
24.5288  14509
24.5431  14539
24.5574  14591
24.5717  14628
24.586   14643
24.6003  14689
24.6146  14693
24.6289  14694
24.6432  14628
24.6575  14617
24.6718  14532
24.6861  14503
24.7004  14518
24.7147  14480
24.729   14457
24.7433  14386
24.7576  14405
24.7719  14358
24.7862  14353
24.8005  14398
24.8148  14379
24.8291  14367
24.8434  14382
24.8577  14395
24.872   14351
24.8863  14393
24.9006  14440
24.9149  14418
24.9292  14409
24.9435  14384
24.9578  14403
24.9721  14374
24.9864  14384
25.0007  14390
25.015   14397
25.0293  14412
25.0436  14410
25.0579  14441
25.0722  14455
25.0865  14489
25.1008  14529
25.1151  14548
25.1294  14534
25.1437  14532
25.158   14485
25.1723  14465
25.1866  14466
25.2009  14471
25.2152  14460
25.2295  14437
25.2438  14379
25.2581  14398
25.2724  14371
25.2867  14379
25.301   14386
25.3153  14338
25.3296  14364
25.3439  14359
25.3582  14364
25.3725  14384
25.3868  14403
25.4011  14439
25.4154  14427
25.4297  14383
25.444   14369
25.4583  14379
25.4726  14317
25.4869  14354
25.5012  14326
25.5155  14326
25.5298  14417
25.5441  14421
25.5584  14471
25.5727  14465
25.587   14474
25.6013  14453
25.6156  14469
25.6299  14416
25.6442  14438
25.6585  14378
25.6728  14295
25.6871  14350
25.7014  14348
25.7157  14373
25.73    14428
25.7443  14408
25.7586  14345
25.7729  14344
25.7872  14359
25.8015  14347
25.8158  14392
25.8301  14339
25.8444  14297
25.8587  14273
25.873   14272
25.8873  14299
25.9016  14368
25.9159  14366
25.9302  14331
25.9445  14277
25.9588  14299
25.9731  14347
25.9874  14273
26.0017  14302
26.016   14329
26.0303  14264
26.0446  14280
26.0589  14315
26.0732  14376
26.0875  14380
26.1018  14359
26.1161  14316
26.1304  14321
26.1447  14326
26.159   14367
26.1733  14309
26.1876  14235
26.2019  14290
26.2162  14326
26.2305  14341
26.2448  14428
26.2591  14451
26.2734  14420
26.2877  14355
26.302   14319
26.3163  14329
26.3306  14325
26.3449  14305
26.3592  14250
26.3735  14247
26.3878  14218
26.4021  14228
26.4164  14296
26.4307  14337
26.445   14372
26.4593  14391
26.4736  14343
26.4879  14370
26.5022  14310
26.5165  14313
26.5308  14285
26.5451  14251
26.5594  14214
26.5737  14223
26.588   14237
26.6023  14210
26.6166  14202
26.6309  14276
26.6452  14309
26.6595  14320
26.6738  14320
26.6881  14319
26.7024  14287
26.7167  14320
26.731   14278
26.7453  14286
26.7596  14274
26.7739  14216
26.7882  14230
26.8025  14160
26.8168  14179
26.8311  14238
26.8454  14182
26.8597  14207
26.874   14246
26.8883  14283
26.9026  14261
26.9169  14261
26.9312  14288
26.9455  14296
26.9598  14273
26.9741  14260
26.9884  14283
27.0027  14243
27.017   14258
27.0313  14254
27.0456  14185
27.0599  14242
27.0742  14236
27.0885  14229
27.1028  14239
27.1171  14246
27.1314  14275
27.1457  14327
27.16    14311
27.1743  14300
27.1886  14285
27.2029  14254
27.2172  14267
27.2315  14274
27.2458  14253
27.2601  14320
27.2744  14326
27.2887  14299
27.303   14296
27.3173  14277
27.3316  14298
27.3459  14284
27.3602  14214
27.3745  14186
27.3888  14141
27.4031  14167
27.4174  14148
27.4317  14181
27.446   14214
27.4603  14260
27.4746  14251
27.4889  14262
27.5032  14252
27.5175  14201
27.5318  14207
27.5461  14209
27.5604  14214
27.5747  14252
27.589   14250
27.6033  14317
27.6176  14291
27.6319  14327
27.6462  14376
27.6605  14420
27.6748  14404
27.6891  14434
27.7034  14322
27.7177  14242
27.732   14257
27.7463  14247
27.7606  14219
27.7749  14307
27.7892  14320
27.8035  14330
27.8178  14259
27.8321  14276
27.8464  14335
27.8607  14337
27.875   14280
27.8893  14255
27.9036  14159
27.9179  14160
27.9322  14132
27.9465  14161
27.9608  14212
27.9751  14259
27.9894  14289
28.0037  14276
28.018   14244
28.0323  14291
28.0466  14300
28.0609  14332
28.0752  14323
28.0895  14340
28.1038  14363
28.1181  14400
28.1324  14408
28.1467  14432
28.161   14370
28.1753  14385
28.1896  14394
28.2039  14356
28.2182  14293
28.2325  14252
28.2468  14277
28.2611  14304
28.2754  14311
28.2897  14308
28.304   14286
28.3183  14263
28.3326  14281
28.3469  14260
28.3612  14209
28.3755  14250
28.3898  14222
28.4041  14170
28.4184  14162
28.4327  14137
28.447   14144
28.4613  14155
28.4756  14173
28.4899  14188
28.5042  14179
28.5185  14227
28.5328  14246
28.5471  14219
28.5614  14242
28.5757  14225
28.59    14251
28.6043  14212
28.6186  14245
28.6329  14253
28.6472  14277
28.6615  14291
28.6758  14348
28.6901  14353
28.7044  14363
28.7187  14363
28.733   14337
28.7473  14337
28.7616  14368
28.7759  14348
28.7902  14392
28.8045  14355
28.8188  14308
28.8331  14286
28.8474  14217
28.8617  14183
28.876   14177
28.8903  14091
28.9046  14112
28.9189  14076
28.9332  14138
28.9475  14124
28.9618  14172
28.9761  14213
28.9904  14280
29.0047  14270
29.019   14270
29.0333  14292
29.0476  14200
29.0619  14244
29.0762  14235
29.0905  14200
29.1048  14249
29.1191  14190
29.1334  14254
29.1477  14196
29.162   14217
29.1763  14217
29.1906  14245
29.2049  14216
29.2192  14259
29.2335  14207
29.2478  14146
29.2621  14243
29.2764  14251
29.2907  14264
29.305   14327
29.3193  14296
29.3336  14265
29.3479  14197
29.3622  14208
29.3765  14206
29.3908  14166
29.4051  14114
29.4194  14071
29.4337  14054
29.448   14058
29.4623  14069
29.4766  14141
29.4909  14163
29.5052  14177
29.5195  14164
29.5338  14181
29.5481  14195
29.5624  14193
29.5767  14176
29.591   14162
29.6053  14107
29.6196  14101
29.6339  14127
29.6482  14158
29.6625  14159
29.6768  14161
29.6911  14164
29.7054  14193
29.7197  14225
29.734   14284
29.7483  14245
29.7626  14230
29.7769  14257
29.7912  14272
29.8055  14274
29.8198  14317
29.8341  14286
29.8484  14240
29.8627  14176
29.877   14150
29.8913  14146
29.9056  14109
29.9199  14105
29.9342  14075
29.9485  14085
29.9628  14078
29.9771  14092
29.9914  14198
30.0057  14268
30.02    14329
30.0343  14342
30.0486  14308
30.0629  14327
30.0772  14299
30.0915  14262
30.1058  14295
30.1201  14274
30.1344  14227
30.1487  14232
30.163   14232
30.1773  14237
30.1916  14249
30.2059  14277
30.2202  14292
30.2345  14256
30.2488  14293
30.2631  14278
30.2774  14257
30.2917  14285
30.306   14349
30.3203  14383
30.3346  14379
30.3489  14323
30.3632  14283
30.3775  14194
30.3918  14162
30.4061  14156
30.4204  14097
30.4347  14103
30.449   14149
30.4633  14159
30.4776  14132
30.4919  14156
30.5062  14259
30.5205  14343
30.5348  14313
30.5491  14309
30.5634  14300
30.5777  14239
30.592   14275
30.6063  14312
30.6206  14289
30.6349  14319
30.6492  14294
30.6635  14337
30.6778  14291
30.6921  14311
30.7064  14358
30.7207  14420
30.735   14374
30.7493  14347
30.7636  14313
30.7779  14265
30.7922  14316
30.8065  14350
30.8208  14354
30.8351  14403
30.8494  14409
30.8637  14352
30.878   14336
30.8923  14339
30.9066  14324
30.9209  14318
30.9352  14229
30.9495  14140
30.9638  14128
30.9781  14122
30.9924  14125
31.0067  14191
31.021   14226
31.0353  14251
31.0496  14257
31.0639  14224
31.0782  14293
31.0925  14205
31.1068  14185
31.1211  14175
31.1354  14122
31.1497  14110
31.164   14133
31.1783  14194
31.1926  14208
31.2069  14191
31.2212  14209
31.2355  14268
31.2498  14250
31.2641  14270
31.2784  14246
31.2927  14133
31.307   14172
31.3213  14201
31.3356  14268
31.3499  14355
31.3642  14397
31.3785  14337
31.3928  14303
31.4071  14276
31.4214  14297
31.4357  14231
31.45    14172
31.4643  14109
31.4786  14061
31.4929  14009
31.5072  14044
31.5215  14099
31.5358  14171
31.5501  14191
31.5644  14221
31.5787  14165
31.593   14237
31.6073  14224
31.6216  14244
31.6359  14239
31.6502  14251
31.6645  14232
31.6788  14245
31.6931  14266
31.7074  14268
31.7217  14213
31.736   14266
31.7503  14259
31.7646  14278
31.7789  14276
31.7932  14260
31.8075  14225
31.8218  14264
31.8361  14254
31.8504  14301
31.8647  14276
31.879   14232
31.8933  14214
31.9076  14143
31.9219  14121
31.9362  14144
31.9505  14051
31.9648  14065
31.9791  14061
31.9934  14072
32.0077  14059
32.022   14060
32.0363  14110
32.0506  14158
32.0649  14176
32.0792  14202
32.0935  14222
32.1078  14198
32.1221  14175
32.1364  14197
32.1507  14162
32.165   14197
32.1793  14190
32.1936  14199
32.2079  14196
32.2222  14191
32.2365  14202
32.2508  14268
32.2651  14294
32.2794  14289
32.2937  14265
32.308   14215
32.3223  14191
32.3366  14231
32.3509  14224
32.3652  14260
32.3795  14236
32.3938  14193
32.4081  14194
32.4224  14157
32.4367  14191
32.451   14211
32.4653  14160
32.4796  14142
32.4939  14118
32.5082  14146
32.5225  14141
32.5368  14177
32.5511  14201
32.5654  14240
32.5797  14217
32.594   14238
32.6083  14247
32.6226  14177
32.6369  14233
32.6512  14198
32.6655  14162
32.6798  14199
32.6941  14169
32.7084  14224
32.7227  14199
32.737   14215
32.7513  14216
32.7656  14306
32.7799  14290
32.7942  14326
32.8085  14246
32.8228  14201
32.8371  14253
32.8514  14225
32.8657  14164
32.88    14261
32.8943  14249
32.9086  14288
32.9229  14204
32.9372  14197
32.9515  14211
32.9658  14222
32.9801  14149
32.9944  14123
33.0087  14055
33.023   14043
33.0373  14012
33.0516  14022
33.0659  14035
33.0802  14105
33.0945  14130
33.1088  14156
33.1231  14141
33.1374  14202
33.1517  14186
33.166   14214
33.1803  14191
33.1946  14194
33.2089  14192
33.2232  14183
33.2375  14191
33.2518  14203
33.2661  14160
33.2804  14179
33.2947  14185
33.309   14215
33.3233  14203
33.3376  14217
33.3519  14173
33.3662  14217
33.3805  14266
33.3948  14285
33.4091  14268
33.4234  14206
33.4377  14215
33.452   14178
33.4663  14139
33.4806  14136
33.4949  14084
33.5092  14064
33.5235  14054
33.5378  14056
33.5521  13998
33.5664  14047
33.5807  14109
33.595   14147
33.6093  14176
33.6236  14157
33.6379  14205
33.6522  14192
33.6665  14219
33.6808  14205
33.6951  14240
33.7094  14224
33.7237  14242
33.738   14257
33.7523  14228
33.7666  14245
33.7809  14295
33.7952  14333
33.8095  14290
33.8238  14289
33.8381  14250
33.8524  14225
33.8667  14243
33.881   14257
33.8953  14272
33.9096  14280
33.9239  14258
33.9382  14254
33.9525  14213
33.9668  14200
33.9811  14212
33.9954  14148
34.0097  14132
34.024   14155
34.0383  14133
34.0526  14150
34.0669  14143
34.0812  14168
34.0955  14186
34.1098  14182
34.1241  14166
34.1384  14210
34.1527  14162
34.167   14179
34.1813  14215
34.1956  14222
34.2099  14283
34.2242  14254
34.2385  14301
34.2528  14283
34.2671  14239
34.2814  14208
34.2957  14243
34.31    14214
34.3243  14215
34.3386  14211
34.3529  14136
34.3672  14170
34.3815  14205
34.3958  14265
34.4101  14332
34.4244  14303
34.4387  14269
34.453   14200
34.4673  14167
34.4816  14144
34.4959  14163
34.5102  14107
34.5245  14034
34.5388  14028
34.5531  13986
34.5674  14009
34.5817  14120
34.596   14184
34.6103  14242
34.6246  14223
34.6389  14243
34.6532  14247
34.6675  14202
34.6818  14199
34.6961  14206
34.7104  14148
34.7247  14148
34.739   14167
34.7533  14197
34.7676  14229
34.7819  14214
34.7962  14200
34.8105  14261
34.8248  14280
34.8391  14301
34.8534  14199
34.8677  14131
34.882   14159
34.8963  14179
34.9106  14245
34.9249  14322
34.9392  14323
34.9535  14290
34.9678  14234
34.9821  14185
34.9964  14213
35.0107  14189
35.025   14160
35.0393  14097
35.0536  14040
35.0679  14026
35.0822  14023
35.0965  14063
35.1108  14153
35.1251  14170
35.1394  14211
35.1537  14204
35.168   14238
35.1823  14220
35.1966  14262
35.2109  14277
35.2252  14261
35.2395  14268
35.2538  14248
35.2681  14260
35.2824  14215
35.2967  14171
35.311   14217
35.3253  14242
35.3396  14274
35.3539  14226
35.3682  14209
35.3825  14205
35.3968  14254
35.4111  14234
35.4254  14193
35.4397  14208
35.454   14154
35.4683  14122
35.4826  14040
35.4969  14028
35.5112  14062
35.5255  14023
35.5398  14050
35.5541  14011
35.5684  14076
35.5827  14096
35.597   14077
35.6113  14068
35.6256  14080
35.6399  14111
35.6542  14098
35.6685  14075
35.6828  14037
35.6971  14063
35.7114  14097
35.7257  14079
35.74    14162
35.7543  14160
35.7686  14192
35.7829  14194
35.7972  14159
35.8115  14160
35.8258  14230
35.8401  14201
35.8544  14190
35.8687  14177
35.883   14149
35.8973  14147
35.9116  14171
35.9259  14195
35.9402  14313
35.9545  14341
35.9688  14278
35.9831  14281
35.9974  14231
36.0117  14203
36.026   14175
36.0403  14103
36.0546  14090
36.0689  14011
36.0832  13982
36.0975  13957
36.1118  13995
36.1261  14034
36.1404  14134
36.1547  14113
36.169   14128
36.1833  14178
36.1976  14130
36.2119  14155
36.2262  14183
36.2405  14170
36.2548  14171
36.2691  14118
36.2834  14196
36.2977  14170
36.312   14117
36.3263  14117
36.3406  14190
36.3549  14153
36.3692  14228
36.3835  14186
36.3978  14148
36.4121  14211
36.4264  14215
36.4407  14171
36.455   14254
36.4693  14285
36.4836  14310
36.4979  14176
36.5122  14134
36.5265  14182
36.5408  14189
36.5551  14134
36.5694  14125
36.5837  14049
36.598   14033
36.6123  14036
36.6266  14029
36.6409  14066
36.6552  14178
36.6695  14217
36.6838  14207
36.6981  14184
36.7124  14249
36.7267  14255
36.741   14250
36.7553  14214
36.7696  14180
36.7839  14153
36.7982  14144
36.8125  14177
36.8268  14191
36.8411  14180
36.8554  14258
36.8697  14260
36.884   14280
36.8983  14281
36.9126  14260
36.9269  14258
36.9412  14276
36.9555  14278
36.9698  14244
36.9841  14200
36.9984  14146
37.0127  14131
37.027   14104
37.0413  14083
37.0556  14129
37.0699  14110
37.0842  14088
37.0985  14114
37.1128  14103
37.1271  14133
37.1414  14167
37.1557  14217
37.17    14238
37.1843  14240
37.1986  14233
37.2129  14226
37.2272  14191
37.2415  14218
37.2558  14190
37.2701  14189
37.2844  14174
37.2987  14171
37.313   14161
37.3273  14137
37.3416  14137
37.3559  14240
37.3702  14259
37.3845  14267
37.3988  14268
37.4131  14227
37.4274  14179
37.4417  14212
37.456   14218
37.4703  14288
37.4846  14289
37.4989  14217
37.5132  14201
37.5275  14133
37.5418  14118
37.5561  14134
37.5704  14097
37.5847  14106
37.599   14095
37.6133  14141
37.6276  14147
37.6419  14192
37.6562  14238
37.6705  14311
37.6848  14281
37.6991  14260
37.7134  14275
37.7277  14188
37.742   14196
37.7563  14196
37.7706  14236
37.7849  14271
37.7992  14271
37.8135  14341
37.8278  14315
37.8421  14325
37.8564  14320
37.8707  14378
37.885   14383
37.8993  14423
37.9136  14384
37.9279  14315
37.9422  14391
37.9565  14417
37.9708  14467
37.9851  14555
37.9994  14536
38.0137  14465
38.028   14394
38.0423  14361
38.0566  14341
38.0709  14345
38.0852  14312
38.0995  14261
38.1138  14218
38.1281  14211
38.1424  14238
38.1567  14303
38.171   14356
38.1853  14424
38.1996  14377
38.2139  14354
38.2282  14340
38.2425  14295
38.2568  14300
38.2711  14289
38.2854  14253
38.2997  14251
38.314   14262
38.3283  14274
38.3426  14268
38.3569  14275
38.3712  14283
38.3855  14303
38.3998  14324
38.4141  14314
38.4284  14217
38.4427  14174
38.457   14207
38.4713  14159
38.4856  14198
38.4999  14243
38.5142  14243
38.5285  14216
38.5428  14186
38.5571  14226
38.5714  14254
38.5857  14258
38.6     14269
38.6143  14183
38.6286  14165
38.6429  14145
38.6572  14093
38.6715  14115
38.6858  14184
38.7001  14249
38.7144  14245
38.7287  14188
38.743   14219
38.7573  14232
38.7716  14230
38.7859  14251
38.8002  14223
38.8145  14204
38.8288  14187
38.8431  14173
38.8574  14157
38.8717  14149
38.886   14188
38.9003  14203
38.9146  14185
38.9289  14181
38.9432  14185
38.9575  14168
38.9718  14209
38.9861  14262
39.0004  14303
39.0147  14369
39.029   14336
39.0433  14298
39.0576  14214
39.0719  14183
39.0862  14198
39.1005  14158
39.1148  14171
39.1291  14147
39.1434  14158
39.1577  14132
39.172   14154
39.1863  14225
39.2006  14280
39.2149  14310
39.2292  14307
39.2435  14292
39.2578  14232
39.2721  14264
39.2864  14283
39.3007  14259
39.315   14296
39.3293  14281
39.3436  14345
39.3579  14322
39.3722  14321
39.3865  14294
39.4008  14367
39.4151  14366
39.4294  14356
39.4437  14324
39.458   14262
39.4723  14315
39.4866  14349
39.5009  14360
39.5152  14464
39.5295  14469
39.5438  14463
39.5581  14441
39.5724  14453
39.5867  14481
39.601   14577
39.6153  14546
39.6296  14521
39.6439  14561
39.6582  14600
39.6725  14649
39.6868  14734
39.7011  14756
39.7154  14814
39.7297  14797
39.744   14747
39.7583  14754
39.7726  14684
39.7869  14667
39.8012  14624
39.8155  14534
39.8298  14502
39.8441  14499
39.8584  14508
39.8727  14485
39.887   14442
39.9013  14414
39.9156  14450
39.9299  14436
39.9442  14445
39.9585  14418
39.9728  14345
39.9871  14378
40.0014  14372
40.0157  14434
40.03    14521
40.0443  14523
40.0586  14464
40.0729  14424
40.0872  14385
40.1015  14410
40.1158  14376
40.1301  14338
40.1444  14317
40.1587  14311
40.173   14283
40.1873  14331
40.2016  14420
40.2159  14512
40.2302  14530
40.2445  14506
40.2588  14448
40.2731  14459
40.2874  14397
40.3017  14418
40.316   14380
40.3303  14336
40.3446  14331
40.3589  14353
40.3732  14356
40.3875  14368
40.4018  14326
40.4161  14351
40.4304  14365
40.4447  14341
40.459   14284
40.4733  14247
40.4876  14214
40.5019  14254
40.5162  14227
40.5305  14275
40.5448  14275
40.5591  14215
40.5734  14154
40.5877  14071
40.602   14055
40.6163  14127
40.6306  14081
40.6449  14077
40.6592  14045
40.6735  14086
40.6878  14098
40.7021  14139
40.7164  14219
40.7307  14308
40.745   14322
40.7593  14308
40.7736  14311
40.7879  14286
40.8022  14285
40.8165  14317
40.8308  14257
40.8451  14252
40.8594  14216
40.8737  14203
40.888   14168
40.9023  14149
40.9166  14137
40.9309  14203
40.9452  14195
40.9595  14182
40.9738  14157
40.9881  14111
41.0024  14131
41.0167  14209
41.031   14253
41.0453  14328
41.0596  14356
41.0739  14294
41.0882  14322
41.1025  14302
41.1168  14291
41.1311  14315
41.1454  14233
41.1597  14202
41.174   14129
41.1883  14145
41.2026  14131
41.2169  14149
41.2312  14226
41.2455  14263
41.2598  14252
41.2741  14247
41.2884  14301
41.3027  14224
41.317   14281
41.3313  14305
41.3456  14302
41.3599  14332
41.3742  14313
41.3885  14392
41.4028  14346
41.4171  14334
41.4314  14342
41.4457  14384
41.46    14325
41.4743  14324
41.4886  14254
41.5029  14225
41.5172  14344
41.5315  14370
41.5458  14360
41.5601  14487
41.5744  14523
41.5887  14556
41.603   14459
41.6173  14425
41.6316  14418
41.6459  14443
41.6602  14368
41.6745  14349
41.6888  14308
41.7031  14321
41.7174  14342
41.7317  14339
41.746   14417
41.7603  14508
41.7746  14530
41.7889  14516
41.8032  14462
41.8175  14514
41.8318  14475
41.8461  14501
41.8604  14471
41.8747  14446
41.889   14508
41.9033  14476
41.9176  14504
41.9319  14488
41.9462  14508
41.9605  14520
41.9748  14524
41.9891  14479
42.0034  14436
42.0177  14392
42.032   14310
42.0463  14282
42.0606  14293
42.0749  14271
42.0892  14302
42.1035  14208
42.1178  14258
42.1321  14240
42.1464  14237
42.1607  14279
42.175   14259
42.1893  14221
42.2036  14222
42.2179  14206
42.2322  14164
42.2465  14206
42.2608  14264
42.2751  14280
42.2894  14317
42.3037  14297
42.318   14318
42.3323  14301
42.3466  14309
42.3609  14331
42.3752  14304
42.3895  14258
42.4038  14244
42.4181  14228
42.4324  14217
42.4467  14245
42.461   14291
42.4753  14321
42.4896  14300
42.5039  14287
42.5182  14226
42.5325  14224
42.5468  14263
42.5611  14330
42.5754  14354
42.5897  14392
42.604   14423
42.6183  14469
42.6326  14490
42.6469  14500
42.6612  14555
42.6755  14526
42.6898  14516
42.7041  14504
42.7184  14453
42.7327  14439
42.747   14462
42.7613  14508
42.7756  14521
42.7899  14533
42.8042  14552
42.8185  14562
42.8328  14572
42.8471  14588
42.8614  14597
42.8757  14620
42.89    14617
42.9043  14619
42.9186  14627
42.9329  14640
42.9472  14667
42.9615  14692
42.9758  14732
42.9901  14748
43.0044  14755
43.0187  14757
43.033   14760
43.0473  14763
43.0616  14780
43.0759  14792
43.0902  14784
43.1045  14787
43.1188  14779
43.1331  14784
43.1474  14789
43.1617  14794
43.176   14809
43.1903  14805
43.2046  14811
43.2189  14821
43.2332  14846
43.2475  14873
43.2618  14902
43.2761  14926
43.2904  14949
43.3047  14960
43.319   14966
43.3333  14976
43.3476  14988
43.3619  14990
43.3762  14974
43.3905  14961
43.4048  14964
43.4191  14977
43.4334  15006
43.4477  15010
43.462   15039
43.4763  15049
43.4906  15073
43.5049  15094
43.5192  15133
43.5335  15152
43.5478  15176
43.5621  15177
43.5764  15148
43.5907  15142
43.605   15145
43.6193  15156
43.6336  15167
43.6479  15172
43.6622  15173
43.6765  15176
43.6908  15182
43.7051  15208
43.7194  15232
43.7337  15257
43.748   15302
43.7623  15273
43.7766  15285
43.7909  15284
43.8052  15285
43.8195  15290
43.8338  15268
43.8481  15244
43.8624  15172
43.8767  15169
43.891   15183
43.9053  15202
43.9196  15229
43.9339  15272
43.9482  15335
43.9625  15372
43.9768  15434
43.9911  15518
44.0054  15547
44.0197  15580
44.034   15573
44.0483  15602
44.0626  15613
44.0769  15698
44.0912  15771
44.1055  15834
44.1198  15911
44.1341  15967
44.1484  16041
44.1627  16108
44.177   16257
44.1913  16402
44.2056  16468
44.2199  16658
44.2342  16845
44.2485  17077
44.2628  17280
44.2771  17516
44.2914  17778
44.3057  18057
44.32    18336
44.3343  18648
44.3486  18952
44.3629  19286
44.3772  19680
44.3915  20102
44.4058  20519
44.4201  21041
44.4344  21547
44.4487  22102
44.463   22748
44.4773  23426
44.4916  24176
44.5059  25090
44.5202  26022
44.5345  27061
44.5488  28127
44.5631  29272
44.5774  30517
44.5917  32011
44.606   33406
44.6203  34884
44.6346  36348
44.6489  37765
44.6632  39209
44.6775  40552
44.6918  41821
44.7061  43008
44.7204  43915
44.7347  44604
44.749   45057
44.7633  45306
44.7776  45322
44.7919  45176
44.8062  44586
44.8205  43825
44.8348  42777
44.8491  41541
44.8634  40221
44.8777  38720
44.892   37215
44.9063  35713
44.9206  34154
44.9349  32648
44.9492  31217
44.9635  29887
44.9778  28546
44.9921  27302
45.0064  26154
45.0207  25125
45.035   24094
45.0493  23195
45.0636  22289
45.0779  21456
45.0922  20820
45.1065  20218
45.1208  19663
45.1351  19301
45.1494  18935
45.1637  18580
45.178   18145
45.1923  17884
45.2066  17680
45.2209  17482
45.2352  17226
45.2495  17001
45.2638  16713
45.2781  16516
45.2924  16312
45.3067  16152
45.321   16092
45.3353  16065
45.3496  15984
45.3639  15866
45.3782  15736
45.3925  15690
45.4068  15648
45.4211  15631
45.4354  15538
45.4497  15490
45.464   15430
45.4783  15378
45.4926  15344
45.5069  15317
45.5212  15239
45.5355  15240
45.5498  15173
45.5641  15115
45.5784  15027
45.5927  14915
45.607   14907
45.6213  14883
45.6356  14890
45.6499  14859
45.6642  14811
45.6785  14775
45.6928  14770
45.7071  14737
45.7214  14689
45.7357  14738
45.75    14676
45.7643  14664
45.7786  14642
45.7929  14580
45.8072  14574
45.8215  14570
45.8358  14576
45.8501  14566
45.8644  14577
45.8787  14610
45.893   14585
45.9073  14579
45.9216  14598
45.9359  14607
45.9502  14622
45.9645  14595
45.9788  14579
45.9931  14591
46.0074  14569
46.0217  14543
46.036   14595
46.0503  14607
46.0646  14598
46.0789  14564
46.0932  14467
46.1075  14435
46.1218  14451
46.1361  14472
46.1504  14520
46.1647  14496
46.179   14439
46.1933  14482
46.2076  14439
46.2219  14435
46.2362  14481
46.2505  14409
46.2648  14380
46.2791  14307
46.2934  14291
46.3077  14269
46.322   14303
46.3363  14351
46.3506  14382
46.3649  14375
46.3792  14389
46.3935  14476
46.4078  14445
46.4221  14515
46.4364  14533
46.4507  14492
46.465   14491
46.4793  14468
46.4936  14518
46.5079  14460
46.5222  14439
46.5365  14410
46.5508  14437
46.5651  14420
46.5794  14445
46.5937  14380
46.608   14310
46.6223  14373
46.6366  14364
46.6509  14377
46.6652  14444
46.6795  14467
46.6938  14418
46.7081  14366
46.7224  14378
46.7367  14415
46.751   14431
46.7653  14375
46.7796  14359
46.7939  14345
46.8082  14347
46.8225  14395
46.8368  14481
46.8511  14514
46.8654  14569
46.8797  14569
46.894   14583
46.9083  14632
46.9226  14658
46.9369  14681
46.9512  14686
46.9655  14632
46.9798  14651
46.9941  14668
47.0084  14670
47.0227  14655
47.037   14617
47.0513  14587
47.0656  14611
47.0799  14620
47.0942  14618
47.1085  14561
47.1228  14534
47.1371  14541
47.1514  14540
47.1657  14550
47.18    14611
47.1943  14600
47.2086  14518
47.2229  14465
47.2372  14451
47.2515  14468
47.2658  14483
47.2801  14482
47.2944  14386
47.3087  14358
47.323   14338
47.3373  14322
47.3516  14385
47.3659  14444
47.3802  14463
47.3945  14451
47.4088  14396
47.4231  14445
47.4374  14432
47.4517  14422
47.466   14457
47.4803  14422
47.4946  14362
47.5089  14334
47.5232  14324
47.5375  14298
47.5518  14279
47.5661  14304
47.5804  14293
47.5947  14306
47.609   14287
47.6233  14259
47.6376  14224
47.6519  14239
47.6662  14302
47.6805  14334
47.6948  14367
47.7091  14344
47.7234  14304
47.7377  14220
47.752   14245
47.7663  14245
47.7806  14207
47.7949  14218
47.8092  14167
47.8235  14161
47.8378  14165
47.8521  14201
47.8664  14286
47.8807  14318
47.895   14350
47.9093  14365
47.9236  14362
47.9379  14327
47.9522  14382
47.9665  14350
47.9808  14358
47.9951  14355
48.0094  14295
48.0237  14312
48.038   14325
48.0523  14317
48.0666  14301
48.0809  14374
48.0952  14359
48.1095  14360
48.1238  14336
48.1381  14287
48.1524  14278
48.1667  14265
48.181   14263
48.1953  14283
48.2096  14270
48.2239  14226
48.2382  14213
48.2525  14204
48.2668  14211
48.2811  14291
48.2954  14214
48.3097  14212
48.324   14207
48.3383  14221
48.3526  14198
48.3669  14274
48.3812  14312
48.3955  14379
48.4098  14395
48.4241  14394
48.4384  14430
48.4527  14414
48.467   14441
48.4813  14443
48.4956  14377
48.5099  14378
48.5242  14366
48.5385  14418
48.5528  14421
48.5671  14407
48.5814  14399
48.5957  14459
48.61    14452
48.6243  14455
48.6386  14401
48.6529  14303
48.6672  14301
48.6815  14285
48.6958  14328
48.7101  14406
48.7244  14412
48.7387  14374
48.753   14357
48.7673  14364
48.7816  14433
48.7959  14439
48.8102  14378
48.8245  14316
48.8388  14289
48.8531  14207
48.8674  14225
48.8817  14321
48.896   14383
48.9103  14392
48.9246  14350
48.9389  14309
48.9532  14386
48.9675  14388
48.9818  14405
48.9961  14363
49.0104  14332
49.0247  14323
49.039   14338
49.0533  14332
49.0676  14349
49.0819  14278
49.0962  14292
49.1105  14278
49.1248  14272
49.1391  14255
49.1534  14215
49.1677  14162
49.182   14172
49.1963  14158
49.2106  14206
49.2249  14177
49.2392  14140
49.2535  14140
49.2678  14078
49.2821  14053
49.2964  14165
49.3107  14147
49.325   14178
49.3393  14186
49.3536  14226
49.3679  14224
49.3822  14229
49.3965  14262
49.4108  14260
49.4251  14258
49.4394  14250
49.4537  14293
49.468   14261
49.4823  14263
49.4966  14310
49.5109  14272
49.5252  14303
49.5395  14319
49.5538  14356
49.5681  14345
49.5824  14343
49.5967  14310
49.611   14357
49.6253  14380
49.6396  14345
49.6539  14324
49.6682  14256
49.6825  14238
49.6968  14276
49.7111  14287
49.7254  14358
49.7397  14369
49.754   14352
49.7683  14364
49.7826  14310
49.7969  14281
49.8112  14293
49.8255  14201
49.8398  14149
49.8541  14103
49.8684  14138
49.8827  14154
49.897   14201
49.9113  14274
49.9256  14335
49.9399  14358
49.9542  14422
49.9685  14475
49.9828  14403
49.9971  14451
50.0114  14442
50.0257  14411
50.04    14440
50.0543  14425
50.0686  14474
50.0829  14458
50.0972  14454
50.1115  14454
50.1258  14510
50.1401  14496
50.1544  14520
50.1687  14460
50.183   14409
50.1973  14449
50.2116  14430
50.2259  14424
50.2402  14518
50.2545  14546
50.2688  14568
50.2831  14498
50.2974  14478
50.3117  14507
50.326   14511
50.3403  14467
50.3546  14396
50.3689  14326
50.3832  14322
50.3975  14277
50.4118  14299
50.4261  14372
50.4404  14435
50.4547  14477
50.469   14482
50.4833  14470
50.4976  14562
50.5119  14571
50.5262  14596
50.5405  14590
50.5548  14573
50.5691  14631
50.5834  14657
50.5977  14691
50.612   14692
50.6263  14673
50.6406  14692
50.6549  14689
50.6692  14664
50.6835  14609
50.6978  14574
50.7121  14506
50.7264  14518
50.7407  14534
50.755   14564
50.7693  14558
50.7836  14486
50.7979  14528
50.8122  14485
50.8265  14495
50.8408  14541
50.8551  14503
50.8694  14468
50.8837  14463
50.898   14448
50.9123  14421
50.9266  14456
50.9409  14489
50.9552  14524
50.9695  14536
50.9838  14505
50.9981  14541
51.0124  14533
51.0267  14542
51.041   14497
51.0553  14488
51.0696  14458
51.0839  14412
51.0982  14379
51.1125  14347
51.1268  14347
51.1411  14405
51.1554  14466
51.1697  14468
51.184   14451
51.1983  14447
51.2126  14418
51.2269  14413
51.2412  14442
51.2555  14503
51.2698  14510
51.2841  14472
51.2984  14473
51.3127  14408
51.327   14399
51.3413  14429
51.3556  14339
51.3699  14320
51.3842  14270
51.3985  14252
51.4128  14233
51.4271  14243
51.4414  14346
51.4557  14386
51.47    14411
51.4843  14435
51.4986  14459
51.5129  14407
51.5272  14418
51.5415  14399
51.5558  14328
51.5701  14335
51.5844  14279
51.5987  14325
51.613   14312
51.6273  14319
51.6416  14345
51.6559  14392
51.6702  14406
51.6845  14420
51.6988  14397
51.7131  14343
51.7274  14326
51.7417  14308
51.756   14318
51.7703  14360
51.7846  14352
51.7989  14349
51.8132  14338
51.8275  14347
51.8418  14375
51.8561  14425
51.8704  14377
51.8847  14319
51.899   14333
51.9133  14315
51.9276  14268
51.9419  14314
51.9562  14328
51.9705  14333
51.9848  14304
51.9991  14303
52.0134  14265
52.0277  14219
52.042   14250
52.0563  14269
52.0706  14227
52.0849  14256
52.0992  14317
52.1135  14388
52.1278  14379
52.1421  14397
52.1564  14414
52.1707  14471
52.185   14453
52.1993  14413
52.2136  14315
52.2279  14262
52.2422  14280
52.2565  14316
52.2708  14344
52.2851  14421
52.2994  14448
52.3137  14435
52.328   14375
52.3423  14424
52.3566  14459
52.3709  14457
52.3852  14405
52.3995  14334
52.4138  14296
52.4281  14224
52.4424  14193
52.4567  14233
52.471   14255
52.4853  14265
52.4996  14280
52.5139  14253
52.5282  14292
52.5425  14291
52.5568  14305
52.5711  14320
52.5854  14279
52.5997  14242
52.614   14210
52.6283  14193
52.6426  14209
52.6569  14195
52.6712  14224
52.6855  14237
52.6998  14280
52.7141  14264
52.7284  14272
52.7427  14254
52.757   14295
52.7713  14294
52.7856  14273
52.7999  14269
52.8142  14234
52.8285  14220
52.8428  14161
52.8571  14148
52.8714  14194
52.8857  14144
52.9     14202
52.9143  14181
52.9286  14225
52.9429  14218
52.9572  14229
52.9715  14285
52.9858  14342
53.0001  14354
53.0144  14367
53.0287  14359
53.043   14333
53.0573  14370
53.0716  14387
53.0859  14320
53.1002  14342
53.1145  14257
53.1288  14250
53.1431  14217
53.1574  14197
53.1717  14185
53.186   14246
53.2003  14224
53.2146  14237
53.2289  14237
53.2432  14219
53.2575  14217
53.2718  14243
53.2861  14251
53.3004  14335
53.3147  14336
53.329   14315
53.3433  14278
53.3576  14254
53.3719  14234
53.3862  14239
53.4005  14212
53.4148  14197
53.4291  14156
53.4434  14150
53.4577  14113
53.472   14171
53.4863  14219
53.5006  14260
53.5149  14234
53.5292  14255
53.5435  14300
53.5578  14277
53.5721  14320
53.5864  14351
53.6007  14346
53.615   14345
53.6293  14307
53.6436  14372
53.6579  14325
53.6722  14279
53.6865  14260
53.7008  14263
53.7151  14202
53.7294  14238
53.7437  14189
53.758   14125
53.7723  14179
53.7866  14197
53.8009  14197
53.8152  14308
53.8295  14356
53.8438  14416
53.8581  14289
53.8724  14271
53.8867  14327
53.901   14342
53.9153  14258
53.9296  14232
53.9439  14147
53.9582  14113
53.9725  14102
53.9868  14099
54.0011  14165
54.0154  14207
54.0297  14205
54.044   14191
54.0583  14166
54.0726  14237
54.0869  14236
54.1012  14306
54.1155  14277
54.1298  14230
54.1441  14223
54.1584  14204
54.1727  14254
54.187   14238
54.2013  14193
54.2156  14232
54.2299  14228
54.2442  14232
54.2585  14246
54.2728  14230
54.2871  14222
54.3014  14293
54.3157  14299
54.33    14258
54.3443  14226
54.3586  14192
54.3729  14205
54.3872  14185
54.4015  14181
54.4158  14257
54.4301  14256
54.4444  14247
54.4587  14289
54.473   14279
54.4873  14253
54.5016  14292
54.5159  14281
54.5302  14257
54.5445  14207
54.5588  14215
54.5731  14185
54.5874  14191
54.6017  14228
54.616   14180
54.6303  14215
54.6446  14218
54.6589  14251
54.6732  14247
54.6875  14189
54.7018  14169
54.7161  14191
54.7304  14184
54.7447  14171
54.759   14193
54.7733  14163
54.7876  14156
54.8019  14197
54.8162  14191
54.8305  14276
54.8448  14308
54.8591  14260
54.8734  14236
54.8877  14141
54.902   14133
54.9163  14145
54.9306  14111
54.9449  14131
54.9592  14147
54.9735  14168
54.9878  14152
55.0021  14208
55.0164  14244
55.0307  14277
55.045   14268
55.0593  14278
55.0736  14298
55.0879  14210
55.1022  14245
55.1165  14232
55.1308  14201
55.1451  14213
55.1594  14173
55.1737  14187
55.188   14129
55.2023  14136
55.2166  14099
55.2309  14175
55.2452  14165
55.2595  14221
55.2738  14145
55.2881  14088
55.3024  14176
55.3167  14188
55.331   14168
55.3453  14241
55.3596  14203
55.3739  14173
55.3882  14105
55.4025  14118
55.4168  14136
55.4311  14170
55.4454  14105
55.4597  14067
55.474   14041
55.4883  14061
55.5026  14093
55.5169  14181
55.5312  14188
55.5455  14239
55.5598  14205
55.5741  14205
55.5884  14196
55.6027  14160
55.617   14167
55.6313  14128
55.6456  14035
55.6599  14007
55.6742  14023
55.6885  14041
55.7028  14052
55.7171  14098
55.7314  14123
55.7457  14179
55.76    14178
55.7743  14215
55.7886  14192
55.8029  14178
55.8172  14230
55.8315  14186
55.8458  14183
55.8601  14222
55.8744  14217
55.8887  14178
55.903   14138
55.9173  14165
55.9316  14215
55.9459  14203
55.9602  14153
55.9745  14115
55.9888  14109
56.0031  14101
56.0174  14068
56.0317  14102
56.046   14175
56.0603  14199
56.0746  14225
56.0889  14232
56.1032  14333
56.1175  14393
56.1318  14411
56.1461  14424
56.1604  14389
56.1747  14352
56.189   14365
56.2033  14342
56.2176  14318
56.2319  14349
56.2462  14336
56.2605  14335
56.2748  14335
56.2891  14331
56.3034  14337
56.3177  14317
56.332   14295
56.3463  14289
56.3606  14281
56.3749  14275
56.3892  14289
56.4035  14305
56.4178  14312
56.4321  14311
56.4464  14327
56.4607  14332
56.475   14328
56.4893  14328
56.5036  14335
56.5179  14331
56.5322  14336
56.5465  14336
56.5608  14349
56.5751  14358
56.5894  14365
56.6037  14389
56.618   14394
56.6323  14375
56.6466  14387
56.6609  14364
56.6752  14369
56.6895  14360
56.7038  14357
56.7181  14362
56.7324  14359
56.7467  14360
56.761   14378
56.7753  14385
56.7896  14373
56.8039  14366
56.8182  14357
56.8325  14356
56.8468  14360
56.8611  14353
56.8754  14372
56.8897  14369
56.904   14399
56.9183  14406
56.9326  14414
56.9469  14433
56.9612  14477
56.9755  14470
56.9898  14402
57.0041  14341
57.0184  14333
57.0327  14280
57.047   14293
57.0613  14223
57.0756  14218
57.0899  14207
57.1042  14213
57.1185  14177
57.1328  14089
57.1471  14118
57.1614  14164
57.1757  14118
57.19    14101
57.2043  14110
57.2186  14167
57.2329  14155
57.2472  14163
57.2615  14149
57.2758  14178
57.2901  14207
57.3044  14220
57.3187  14190
57.333   14109
57.3473  14160
57.3616  14158
57.3759  14207
57.3902  14270
57.4045  14277
57.4188  14212
57.4331  14148
57.4474  14124
57.4617  14160
57.476   14093
57.4903  14094
57.5046  14052
57.5189  14033
57.5332  13995
57.5475  14008
57.5618  14087
57.5761  14153
57.5904  14170
57.6047  14174
57.619   14122
57.6333  14146
57.6476  14137
57.6619  14152
57.6762  14120
57.6905  14092
57.7048  14101
57.7191  14088
57.7334  14136
57.7477  14147
57.762   14113
57.7763  14136
57.7906  14139
57.8049  14158
57.8192  14124
57.8335  14079
57.8478  14065
57.8621  14099
57.8764  14072
57.8907  14096
57.905   14106
57.9193  14052
57.9336  14071
57.9479  14025
57.9622  14037
57.9765  14119
57.9908  14065
58.0051  14056
58.0194  14013
58.0337  14005
58.048   14032
58.0623  14035
58.0766  14053
58.0909  14096
58.1052  14078
58.1195  14096
58.1338  14119
58.1481  14133
58.1624  14140
58.1767  14174
58.191   14129
58.2053  14139
58.2196  14142
58.2339  14149
58.2482  14179
58.2625  14145
58.2768  14105
58.2911  14152
58.3054  14140
58.3197  14139
58.334   14087
58.3483  14015
58.3626  13966
58.3769  13995
58.3912  14004
58.4055  14054
58.4198  14056
58.4341  14017
58.4484  14034
58.4627  13986
58.477   13964
58.4913  14004
58.5056  13947
58.5199  13953
58.5342  13889
58.5485  13944
58.5628  13931
58.5771  13990
58.5914  14057
58.6057  14079
58.62    14056
58.6343  14083
58.6486  14114
58.6629  14012
58.6772  14033
58.6915  14066
58.7058  14033
58.7201  14069
58.7344  14054
58.7487  14126
58.763   14083
58.7773  14083
58.7916  14095
58.8059  14115
58.8202  14096
58.8345  14106
58.8488  14048
58.8631  13939
58.8774  14010
58.8917  14012
58.906   13954
58.9203  14030
58.9346  14056
58.9489  14067
58.9632  14013
58.9775  13988
58.9918  14041
59.0061  14048
59.0204  14044
59.0347  13984
59.049   13952
59.0633  13922
59.0776  13934
59.0919  13923
59.1062  13981
59.1205  14027
59.1348  14050
59.1491  14058
59.1634  14032
59.1777  14069
59.192   14045
59.2063  14066
59.2206  14036
59.2349  13977
59.2492  14023
59.2635  14022
59.2778  14054
59.2921  14052
59.3064  14065
59.3207  14045
59.335   14065
59.3493  14091
59.3636  14063
59.3779  14055
59.3922  14013
59.4065  14030
59.4208  14046
59.4351  14064
59.4494  14055
59.4637  13982
59.478   14001
59.4923  13968
59.5066  13954
59.5209  13966
59.5352  13954
59.5495  13939
59.5638  13956
59.5781  13958
59.5924  13934
59.6067  13968
59.621   14007
59.6353  14003
59.6496  14000
59.6639  13979
59.6782  13983
59.6925  13989
59.7068  14019
59.7211  14018
59.7354  14037
59.7497  14051
59.764   14056
59.7783  14046
59.7926  14047
59.8069  14044
59.8212  14074
59.8355  14070
59.8498  14073
59.8641  14016
59.8784  13974
59.8927  13952
59.907   13954
59.9213  13979
59.9356  14020
59.9499  14027
59.9642  13994
59.9785  14015
59.9928  13977
60.0071  13909
60.0214  13920
60.0357  13862
60.05    13879
60.0643  13818
60.0786  13827
60.0929  13834
60.1072  13876
60.1215  13966
60.1358  14018
60.1501  14039
60.1644  14077
60.1787  14104
60.193   14023
60.2073  14001
60.2216  14035
60.2359  13995
60.2502  13985
60.2645  13928
60.2788  13971
60.2931  13922
60.3074  13919
60.3217  13935
60.336   13980
60.3503  13970
60.3646  14009
60.3789  14020
60.3932  13971
60.4075  14008
60.4218  14028
60.4361  14036
60.4504  14069
60.4647  14038
60.479   13981
60.4933  13893
60.5076  13885
60.5219  13848
60.5362  13875
60.5505  13844
60.5648  13831
60.5791  13854
60.5934  13853
60.6077  13871
60.622   13975
60.6363  14013
60.6506  14052
60.6649  14049
60.6792  14061
60.6935  14061
60.7078  14010
60.7221  14017
60.7364  14074
60.7507  14029
60.765   14038
60.7793  14058
60.7936  14111
60.8079  14095
60.8222  14076
60.8365  14028
60.8508  14039
60.8651  14033
60.8794  14007
60.8937  13933
60.908   13840
60.9223  13848
60.9366  13857
60.9509  13888
60.9652  13966
60.9795  13974
60.9938  13950
61.0081  13885
61.0224  13907
61.0367  13929
61.051   13921
61.0653  13942
61.0796  13868
61.0939  13862
61.1082  13820
61.1225  13827
61.1368  13899
61.1511  13963
61.1654  13962
61.1797  13979
61.194   13941
61.2083  13946
61.2226  13961
61.2369  13961
61.2512  13994
61.2655  13982
61.2798  13962
61.2941  13953
61.3084  13963
61.3227  13991
61.337   14006
61.3513  14021
61.3656  14011
61.3799  14052
61.3942  13978
61.4085  13917
61.4228  13904
61.4371  13931
61.4514  13951
61.4657  13957
61.48    13938
61.4943  13884
61.5086  13910
61.5229  13870
61.5372  13896
61.5515  13920
61.5658  13898
61.5801  13950
61.5944  13905
61.6087  13941
61.623   13967
61.6373  13982
61.6516  14042
61.6659  14067
61.6802  14030
61.6945  14041
61.7088  14027
61.7231  13989
61.7374  14019
61.7517  14025
61.766   13968
61.7803  13993
61.7946  13956
61.8089  13963
61.8232  13978
61.8375  13961
61.8518  13954
61.8661  14002
61.8804  14020
61.8947  14011
61.909   14004
61.9233  13985
61.9376  13977
61.9519  13985
61.9662  13952
61.9805  14020
61.9948  14021
62.0091  13959
62.0234  13920
62.0377  13865
62.052   13853
62.0663  13899
62.0806  13858
62.0949  13846
62.1092  13832
62.1235  13852
62.1378  13867
62.1521  13924
62.1664  13946
62.1807  13994
62.195   13982
62.2093  13976
62.2236  13962
62.2379  13891
62.2522  13891
62.2665  13900
62.2808  13857
62.2951  13889
62.3094  13855
62.3237  13946
62.338   13933
62.3523  13894
62.3666  13891
62.3809  13946
62.3952  13965
62.4095  14022
62.4238  13909
62.4381  13817
62.4524  13820
62.4667  13813
62.481   13777
62.4953  13865
62.5096  13895
62.5239  13956
62.5382  13852
62.5525  13835
62.5668  13897
62.5811  13936
62.5954  13936
62.6097  13929
62.624   13834
62.6383  13835
62.6526  13831
62.6669  13855
62.6812  13916
62.6955  13987
62.7098  14027
62.7241  14020
62.7384  13972
62.7527  14009
62.767   13990
62.7813  14020
62.7956  13981
62.8099  13959
62.8242  13946
62.8385  13921
62.8528  13930
62.8671  13903
62.8814  13850
62.8957  13921
62.91    13936
62.9243  13915
62.9386  13884
62.9529  13859
62.9672  13855
62.9815  13871
62.9958  13887
63.0101  13926
63.0244  13909
63.0387  13898
63.053   13913
63.0673  13899
63.0816  13911
63.0959  13982
63.1102  13904
63.1245  13852
63.1388  13821
63.1531  13791
63.1674  13786
63.1817  13786
63.196   13816
63.2103  13823
63.2246  13851
63.2389  13895
63.2532  13906
63.2675  13906
63.2818  13960
63.2961  13923
63.3104  13929
63.3247  13933
63.339   13928
63.3533  13932
63.3676  13909
63.3819  13865
63.3962  13897
63.4105  13875
63.4248  13876
63.4391  13842
63.4534  13810
63.4677  13803
63.482   13867
63.4963  13857
63.5106  13901
63.5249  13899
63.5392  13848
63.5535  13872
63.5678  13823
63.5821  13850
63.5964  13914
63.6107  13877
63.625   13865
63.6393  13868
63.6536  13927
63.6679  13966
63.6822  13999
63.6965  14027
63.7108  14053
63.7251  14038
63.7394  14048
63.7537  14073
63.768   13983
63.7823  14018
63.7966  14006
63.8109  13954
63.8252  13948
63.8395  13948
63.8538  14005
63.8681  13988
63.8824  13987
63.8967  14012
63.911   14055
63.9253  14040
63.9396  14054
63.9539  13967
63.9682  13868
63.9825  13918
63.9968  13908
64.0111  13908
64.0254  13945
64.0397  13913
64.054   13871
64.0683  13838
64.0826  13857
64.0969  13901
64.1112  13939
64.1255  13946
64.1398  13920
64.1541  13929
64.1684  13963
64.1827  14026
64.197   14123
64.2113  14187
64.2256  14197
64.2399  14179
64.2542  14214
64.2685  14250
64.2828  14223
64.2971  14249
64.3114  14278
64.3257  14229
64.34    14221
64.3543  14230
64.3686  14256
64.3829  14288
64.3972  14303
64.4115  14327
64.4258  14375
64.4401  14443
64.4544  14492
64.4687  14475
64.483   14468
64.4973  14542
64.5116  14536
64.5259  14577
64.5402  14656
64.5545  14662
64.5688  14656
64.5831  14676
64.5974  14710
64.6117  14821
64.626   14909
64.6403  14970
64.6546  15003
64.6689  15100
64.6832  15200
64.6975  15255
64.7118  15355
64.7261  15528
64.7404  15636
64.7547  15718
64.769   15769
64.7833  15868
64.7976  15926
64.8119  16006
64.8262  16053
64.8405  16087
64.8548  16113
64.8691  16167
64.8834  16234
64.8977  16246
64.912   16264
64.9263  16361
64.9406  16372
64.9549  16377
64.9692  16370
64.9835  16319
64.9978  16284
65.0121  16275
65.0264  16240
65.0407  16245
65.055   16224
65.0693  16179
65.0836  16112
65.0979  15976
65.1122  15914
65.1265  15860
65.1408  15732
65.1551  15668
65.1694  15554
65.1837  15483
65.198   15415
65.2123  15374
65.2266  15385
65.2409  15416
65.2552  15357
65.2695  15281
65.2838  15181
65.2981  15034
65.3124  14969
65.3267  14867
65.341   14765
65.3553  14690
65.3696  14593
65.3839  14576
65.3982  14530
65.4125  14487
65.4268  14453
65.4411  14477
65.4554  14422
65.4697  14385
65.484   14310
65.4983  14214
65.5126  14175
65.5269  14154
65.5412  14148
65.5555  14181
65.5698  14185
65.5841  14130
65.5984  14107
65.6127  14069
65.627   14059
65.6413  14095
65.6556  14041
65.6699  13966
65.6842  13922
65.6985  13938
65.7128  13903
65.7271  13971
65.7414  13975
65.7557  14003
65.77    14014
65.7843  14016
65.7986  14024
65.8129  13962
65.8272  13969
65.8415  13973
65.8558  13906
65.8701  13852
65.8844  13849
65.8987  13921
65.913   13875
65.9273  13845
65.9416  13842
65.9559  13903
65.9702  13924
65.9845  13940
65.9988  13894
66.0131  13848
66.0274  13880
66.0417  13858
66.056   13849
66.0703  13870
66.0846  13878
66.0989  13804
66.1132  13770
66.1275  13794
66.1418  13858
66.1561  13827
66.1704  13854
66.1847  13818
66.199   13811
66.2133  13756
66.2276  13743
66.2419  13778
66.2562  13826
66.2705  13834
66.2848  13834
66.2991  13779
66.3134  13825
66.3277  13813
66.342   13800
66.3563  13793
66.3706  13789
66.3849  13746
66.3992  13723
66.4135  13730
66.4278  13707
66.4421  13663
66.4564  13694
66.4707  13703
66.485   13707
66.4993  13680
66.5136  13650
66.5279  13655
66.5422  13687
66.5565  13664
66.5708  13643
66.5851  13634
66.5994  13585
66.6137  13583
66.628   13500
66.6423  13520
66.6566  13600
66.6709  13605
66.6852  13644
66.6995  13688
66.7138  13739
66.7281  13732
66.7424  13702
66.7567  13723
66.771   13725
66.7853  13745
66.7996  13737
66.8139  13724
66.8282  13683
66.8425  13665
66.8568  13700
66.8711  13690
66.8854  13717
66.8997  13715
66.914   13692
66.9283  13686
66.9426  13710
66.9569  13739
66.9712  13799
66.9855  13840
66.9998  13832
67.0141  13792
67.0284  13735
67.0427  13697
67.057   13723
67.0713  13676
67.0856  13696
67.0999  13683
67.1142  13618
67.1285  13634
67.1428  13596
67.1571  13599
67.1714  13643
67.1857  13591
67.2     13553
67.2143  13500
67.2286  13517
67.2429  13482
67.2572  13490
67.2715  13531
67.2858  13579
67.3001  13604
67.3144  13646
67.3287  13707
67.343   13616
67.3573  13662
67.3716  13681
67.3859  13643
67.4002  13659
67.4145  13621
67.4288  13651
67.4431  13600
67.4574  13584
67.4717  13614
67.486   13679
67.5003  13682
67.5146  13711
67.5289  13616
67.5432  13528
67.5575  13616
67.5718  13634
67.5861  13546
67.6004  13591
67.6147  13597
67.629   13640
67.6433  13583
67.6576  13569
67.6719  13656
67.6862  13698
67.7005  13657
67.7148  13626
67.7291  13545
67.7434  13553
67.7577  13551
67.772   13528
67.7863  13525
67.8006  13607
67.8149  13622
67.8292  13626
67.8435  13614
67.8578  13666
67.8721  13652
67.8864  13626
67.9007  13603
67.915   13583
67.9293  13564
67.9436  13546
67.9579  13571
67.9722  13599
67.9865  13594
68.0008  13627
68.0151  13616
68.0294  13649
68.0437  13645
68.058   13607
68.0723  13556
68.0866  13541
68.1009  13572
68.1152  13546
68.1295  13518
68.1438  13463
68.1581  13492
68.1724  13514
68.1867  13520
68.201   13591
68.2153  13594
68.2296  13589
68.2439  13625
68.2582  13636
68.2725  13602
68.2868  13585
68.3011  13613
68.3154  13598
68.3297  13607
68.344   13615
68.3583  13609
68.3726  13598
68.3869  13588
68.4012  13580
68.4155  13554
68.4298  13538
68.4441  13542
68.4584  13530
68.4727  13517
68.487   13500
68.5013  13544
68.5156  13575
68.5299  13587
68.5442  13596
68.5585  13549
68.5728  13538
68.5871  13559
68.6014  13585
68.6157  13584
68.63    13580
68.6443  13536
68.6586  13553
68.6729  13513
68.6872  13480
68.7015  13501
68.7158  13441
68.7301  13436
68.7444  13407
68.7587  13422
68.773   13460
68.7873  13500
68.8016  13568
68.8159  13602
68.8302  13636
68.8445  13668
68.8588  13727
68.8731  13670
68.8874  13684
68.9017  13680
68.916   13620
68.9303  13617
68.9446  13571
68.9589  13607
68.9732  13553
68.9875  13536
69.0018  13499
69.0161  13538
69.0304  13538
69.0447  13563
69.059   13510
69.0733  13416
69.0876  13436
69.1019  13446
69.1162  13448
69.1305  13485
69.1448  13512
69.1591  13488
69.1734  13412
69.1877  13429
69.202   13435
69.2163  13499
69.2306  13461
69.2449  13417
69.2592  13371
69.2735  13372
69.2878  13403
69.3021  13475
69.3164  13523
69.3307  13559
69.345   13599
69.3593  13611
69.3736  13609
69.3879  13585
69.4022  13600
69.4165  13594
69.4308  13527
69.4451  13493
69.4594  13474
69.4737  13502
69.488   13503
69.5023  13478
69.5166  13485
69.5309  13506
69.5452  13532
69.5595  13538
69.5738  13492
69.5881  13418
69.6024  13434
69.6167  13468
69.631   13504
69.6453  13543
69.6596  13554
69.6739  13537
69.6882  13499
69.7025  13524
69.7168  13548
69.7311  13523
69.7454  13523
69.7597  13467
69.774   13463
69.7883  13403
69.8026  13422
69.8169  13501
69.8312  13542
69.8455  13542
69.8598  13573
69.8741  13516
69.8884  13549
69.9027  13525
69.917   13488
69.9313  13494
69.9456  13460
69.9599  13433
69.9742  13414
69.9885  13394
70.0028  13399
70.0171  13395
70.0314  13411
70.0457  13413
70.06    13471
70.0743  13460
70.0886  13443
70.1029  13406
70.1172  13435
70.1315  13435
70.1458  13403
70.1601  13381
70.1744  13314
70.1887  13293
70.203   13225
70.2173  13245
70.2316  13284
70.2459  13279
70.2602  13350
70.2745  13353
70.2888  13399
70.3031  13437
70.3174  13452
70.3317  13469
70.346   13475
70.3603  13467
70.3746  13508
70.3889  13488
70.4032  13439
70.4175  13457
70.4318  13463
70.4461  13421
70.4604  13450
70.4747  13409
70.489   13426
70.5033  13426
70.5176  13403
70.5319  13384
70.5462  13407
70.5605  13412
70.5748  13421
70.5891  13367
70.6034  13332
70.6177  13318
70.632   13344
70.6463  13341
70.6606  13422
70.6749  13438
70.6892  13414
70.7035  13419
70.7178  13397
70.7321  13404
70.7464  13425
70.7607  13406
70.775   13381
70.7893  13323
70.8036  13343
70.8179  13325
70.8322  13371
70.8465  13380
70.8608  13406
70.8751  13409
70.8894  13400
70.9037  13416
70.918   13367
70.9323  13402
70.9466  13419
70.9609  13411
70.9752  13432
70.9895  13434
71.0038  13526
71.0181  13487
71.0324  13456
71.0467  13426
71.061   13412
71.0753  13400
71.0896  13436
71.1039  13355
71.1182  13296
71.1325  13310
71.1468  13294
71.1611  13268
71.1754  13383
71.1897  13435
71.204   13477
71.2183  13356
71.2326  13371
71.2469  13428
71.2612  13403
71.2755  13400
71.2898  13407
71.3041  13313
71.3184  13306
71.3327  13275
71.347   13273
71.3613  13285
71.3756  13358
71.3899  13361
71.4042  13364
71.4185  13311
71.4328  13361
71.4471  13326
71.4614  13352
71.4757  13358
71.49    13327
71.5043  13334
71.5186  13341
71.5329  13385
71.5472  13408
71.5615  13362
71.5758  13427
71.5901  13428
71.6044  13476
71.6187  13436
71.633   13384
71.6473  13357
71.6616  13384
71.6759  13375
71.6902  13326
71.7045  13268
71.7188  13215
71.7331  13189
71.7474  13173
71.7617  13133
71.776   13180
71.7903  13182
71.8046  13211
71.8189  13229
71.8332  13245
71.8475  13244
71.8618  13278
71.8761  13290
71.8904  13270
71.9047  13290
71.919   13295
71.9333  13270
71.9476  13277
71.9619  13327
71.9762  13320
71.9905  13371
72.0048  13363
72.0191  13364
72.0334  13338
72.0477  13283
72.062   13242
72.0763  13254
72.0906  13226
72.1049  13244
72.1192  13189
72.1335  13174
72.1478  13186
72.1621  13263
72.1764  13244
72.1907  13280
72.205   13277
72.2193  13250
72.2336  13202
72.2479  13144
72.2622  13176
72.2765  13206
72.2908  13159
72.3051  13186
72.3194  13174
72.3337  13242
72.348   13249
72.3623  13257
72.3766  13263
72.3909  13278
72.4052  13264
72.4195  13294
72.4338  13282
72.4481  13203
72.4624  13225
72.4767  13214
72.491   13199
72.5053  13231
72.5196  13205
72.5339  13235
72.5482  13195
72.5625  13176
72.5768  13192
72.5911  13245
72.6054  13288
72.6197  13351
72.634   13283
72.6483  13178
72.6626  13224
72.6769  13246
72.6912  13266
72.7055  13327
72.7198  13282
72.7341  13216
72.7484  13164
72.7627  13167
72.777   13223
72.7913  13262
72.8056  13255
72.8199  13184
72.8342  13179
72.8485  13171
72.8628  13178
72.8771  13257
72.8914  13307
72.9057  13321
72.92    13296
72.9343  13279
72.9486  13274
72.9629  13226
72.9772  13244
72.9915  13238
73.0058  13172
73.0201  13183
73.0344  13204
73.0487  13215
73.063   13233
73.0773  13257
73.0916  13287
73.1059  13310
73.1202  13323
73.1345  13317
73.1488  13242
73.1631  13144
73.1774  13167
73.1917  13162
73.206   13180
73.2203  13210
73.2346  13196
73.2489  13188
73.2632  13192
73.2775  13212
73.2918  13279
73.3061  13267
73.3204  13261
73.3347  13205
73.349   13203
73.3633  13187
73.3776  13183
73.3919  13263
73.4062  13309
73.4205  13323
73.4348  13393
73.4491  13398
73.4634  13465
73.4777  13448
73.492   13431
73.5063  13412
73.5206  13405
73.5349  13368
73.5492  13344
73.5635  13350
73.5778  13348
73.5921  13354
73.6064  13394
73.6207  13389
73.635   13425
73.6493  13409
73.6636  13360
73.6779  13292
73.6922  13282
73.7065  13307
73.7208  13340
73.7351  13313
73.7494  13265
73.7637  13277
73.778   13256
73.7923  13263
73.8066  13276
73.8209  13195
73.8352  13210
73.8495  13172
73.8638  13163
73.8781  13165
73.8924  13174
73.9067  13215
73.921   13245
73.9353  13190
73.9496  13218
73.9639  13209
73.9782  13169
73.9925  13170
74.0068  13161
74.0211  13112
74.0354  13138
74.0497  13135
74.064   13169
74.0783  13165
74.0926  13134
74.1069  13107
74.1212  13156
74.1355  13105
74.1498  13127
74.1641  13098
74.1784  13021
74.1927  13013
74.207   13024
74.2213  13027
74.2356  13070
74.2499  13096
74.2642  13074
74.2785  13056
74.2928  13029
74.3071  13045
74.3214  13100
74.3357  13037
74.35    13022
74.3643  13024
74.3786  12999
74.3929  12986
74.4072  13048
74.4215  13031
74.4358  13048
74.4501  13065
74.4644  13062
74.4787  13098
74.493   13068
74.5073  13077
74.5216  13080
74.5359  13052
74.5502  13075
74.5645  13072
74.5788  13087
74.5931  13072
74.6074  13042
74.6217  13004
74.636   13063
74.6503  13046
74.6646  13079
74.6789  13069
74.6932  12992
74.7075  12997
74.7218  13004
74.7361  13066
74.7504  13129
74.7647  13146
74.779   13113
74.7933  13105
74.8076  13112
74.8219  13164
74.8362  13148
74.8505  13100
74.8648  13071
74.8791  13042
74.8934  12985
74.9077  13011
74.922   13069
74.9363  13109
74.9506  13104
74.9649  13111
74.9792  13057
74.9935  13082
75.0078  13032
75.0221  13015
75.0364  12978
75.0507  12953
75.065   12939
75.0793  12911
75.0936  12925
75.1079  12954
75.1222  12930
75.1365  12944
75.1508  12923
75.1651  12947
75.1794  12927
75.1937  12910
75.208   12891
75.2223  12948
75.2366  12960
75.2509  13003
75.2652  12989
75.2795  12939
75.2938  12958
75.3081  12948
75.3224  12963
75.3367  13013
75.351   12960
75.3653  12979
75.3796  12936
75.3939  12951
75.4082  12947
75.4225  12920
75.4368  12947
75.4511  12962
75.4654  12964
75.4797  12999
75.494   13033
75.5083  13038
75.5226  13033
75.5369  13030
75.5512  13021
75.5655  13008
75.5798  12982
75.5941  12968
75.6084  12981
75.6227  12965
75.637   12965
75.6513  13015
75.6656  13023
75.6799  13038
75.6942  12992
75.7085  12945
75.7228  12902
75.7371  12908
75.7514  12944
75.7657  12969
75.78    12962
75.7943  12910
75.8086  12943
75.8229  12891
75.8372  12889
75.8515  12961
75.8658  12911
75.8801  12954
75.8944  12923
75.9087  12973
75.923   12980
75.9373  13021
75.9516  13084
75.9659  13122
75.9802  13116
75.9945  13117
76.0088  13130
76.0231  13019
76.0374  13024
76.0517  13031
76.066   12986
76.0803  13032
76.0946  12974
76.1089  13032
76.1232  13017
76.1375  13013
76.1518  13033
76.1661  13068
76.1804  13047
76.1947  13069
76.209   12996
76.2233  12899
76.2376  12952
76.2519  12960
76.2662  12957
76.2805  13019
76.2948  12984
76.3091  12964
76.3234  12932
76.3377  12940
76.352   12963
76.3663  12998
76.3806  12989
76.3949  12992
76.4092  12986
76.4235  13019
76.4378  13052
76.4521  13115
76.4664  13144
76.4807  13155
76.495   13105
76.5093  13073
76.5236  13074
76.5379  12994
76.5522  12974
76.5665  13007
76.5808  12937
76.5951  12918
76.6094  12902
76.6237  12932
76.638   12932
76.6523  12946
76.6666  12975
76.6809  12986
76.6952  12999
76.7095  12997
76.7238  12941
76.7381  12844
76.7524  12862
76.7667  12866
76.781   12850
76.7953  12848
76.8096  12822
76.8239  12808
76.8382  12803
76.8525  12860
76.8668  12900
76.8811  12899
76.8954  12906
76.9097  12853
76.924   12841
76.9383  12811
76.9526  12799
76.9669  12838
76.9812  12866
76.9955  12874
77.0098  12916
77.0241  12922
77.0384  12954
77.0527  12958
77.067   12905
77.0813  12897
77.0956  12867
77.1099  12819
77.1242  12778
77.1385  12758
77.1528  12754
77.1671  12756
77.1814  12796
77.1957  12813
77.21    12810
77.2243  12806
77.2386  12742
77.2529  12694
77.2672  12686
77.2815  12689
77.2958  12748
77.3101  12747
77.3244  12715
77.3387  12740
77.353   12724
77.3673  12778
77.3816  12803
77.3959  12721
77.4102  12710
77.4245  12713
77.4388  12725
77.4531  12721
77.4674  12784
77.4817  12865
77.496   12925
77.5103  12916
77.5246  12936
77.5389  12942
77.5532  12887
77.5675  12879
77.5818  12804
77.5961  12737
77.6104  12736
77.6247  12693
77.639   12736
77.6533  12758
77.6676  12782
77.6819  12775
77.6962  12810
77.7105  12817
77.7248  12825
77.7391  12795
77.7534  12725
77.7677  12698
77.782   12695
77.7963  12704
77.8106  12723
77.8249  12741
77.8392  12736
77.8535  12755
77.8678  12772
77.8821  12810
77.8964  12817
77.9107  12795
77.925   12779
77.9393  12778
77.9536  12770
77.9679  12738
77.9822  12798
77.9965  12789
78.0108  12834
78.0251  12865
78.0394  12856
78.0537  12916
78.068   12863
78.0823  12830
78.0966  12808
78.1109  12793
78.1252  12786
78.1395  12796
78.1538  12835
78.1681  12836
78.1824  12815
78.1967  12798
78.211   12856
78.2253  12869
78.2396  12856
78.2539  12797
78.2682  12664
78.2825  12662
78.2968  12682
78.3111  12716
78.3254  12789
78.3397  12801
78.354   12770
78.3683  12755
78.3826  12743
78.3969  12797
78.4112  12778
78.4255  12764
78.4398  12715
78.4541  12680
78.4684  12634
78.4827  12642
78.497   12723
78.5113  12786
78.5256  12784
78.5399  12765
78.5542  12720
78.5685  12748
78.5828  12726
78.5971  12718
78.6114  12708
78.6257  12689
78.64    12658
78.6543  12675
78.6686  12733
78.6829  12768
78.6972  12785
78.7115  12846
78.7258  12855
78.7401  12893
78.7544  12870
78.7687  12842
78.783   12827
78.7973  12841
78.8116  12840
78.8259  12835
78.8402  12786
78.8545  12780
78.8688  12785
78.8831  12736
78.8974  12718
78.9117  12797
78.926   12760
78.9403  12773
78.9546  12766
78.9689  12816
78.9832  12821
78.9975  12814
79.0118  12862
79.0261  12887
79.0404  12857
79.0547  12889
79.069   12909
79.0833  12890
79.0976  12872
79.1119  12912
79.1262  12880
79.1405  12883
79.1548  12867
79.1691  12842
79.1834  12810
79.1977  12797
79.212   12791
79.2263  12815
79.2406  12800
79.2549  12812
79.2692  12821
79.2835  12764
79.2978  12729
79.3121  12753
79.3264  12751
79.3407  12780
79.355   12759
79.3693  12732
79.3836  12754
79.3979  12720
79.4122  12719
79.4265  12730
79.4408  12678
79.4551  12654
79.4694  12645
79.4837  12657
79.498   12647
79.5123  12670
79.5266  12713
79.5409  12766
79.5552  12763
79.5695  12805
79.5838  12817
79.5981  12733
79.6124  12763
79.6267  12752
79.641   12728
79.6553  12761
79.6696  12752
79.6839  12814
79.6982  12772
79.7125  12766
79.7268  12780
79.7411  12815
79.7554  12804
79.7697  12844
79.784   12767
79.7983  12688
79.8126  12734
79.8269  12735
79.8412  12686
79.8555  12763
79.8698  12789
79.8841  12824
79.8984  12714
79.9127  12675
79.927   12684
79.9413  12712
79.9556  12712
79.9699  12695
79.9842  12627
79.9985  12637
80.0128  12642
80.0271  12661
80.0414  12734
80.0557  12835
80.07    12895
80.0843  12888
80.0986  12808
80.1129  12825
80.1272  12795
80.1415  12787
80.1558  12750
80.1701  12718
80.1844  12721
80.1987  12746
80.213   12753
80.2273  12781
80.2416  12789
80.2559  12811
80.2702  12791
80.2845  12760
80.2988  12728
80.3131  12688
80.3274  12644
80.3417  12626
80.356   12661
80.3703  12665
80.3846  12661
80.3989  12632
80.4132  12648
80.4275  12643
80.4418  12630
80.4561  12658
80.4704  12617
80.4847  12636
80.499   12661
80.5133  12656
80.5276  12631
80.5419  12635
80.5562  12669
80.5705  12665
80.5848  12695
80.5991  12687
80.6134  12679
80.6277  12633
80.642   12631
80.6563  12617
80.6706  12605
80.6849  12605
80.6992  12566
80.7135  12559
80.7278  12521
80.7421  12532
80.7564  12578
80.7707  12580
80.785   12593
80.7993  12571
80.8136  12514
80.8279  12468
80.8422  12477
80.8565  12485
80.8708  12509
80.8851  12542
80.8994  12512
80.9137  12556
80.928   12550
80.9423  12577
80.9566  12614
80.9709  12560
80.9852  12609
80.9995  12576
81.0138  12577
81.0281  12569
81.0424  12582
81.0567  12626
81.071   12657
81.0853  12660
81.0996  12656
81.1139  12698
81.1282  12604
81.1425  12605
81.1568  12587
81.1711  12557
81.1854  12588
81.1997  12550
81.214   12604
81.2283  12593
81.2426  12615
81.2569  12647
81.2712  12701
81.2855  12720
81.2998  12768
81.3141  12745
81.3284  12653
81.3427  12665
81.357   12652
81.3713  12663
81.3856  12707
81.3999  12716
81.4142  12661
81.4285  12638
81.4428  12694
81.4571  12709
81.4714  12754
81.4857  12747
81.5     12759
81.5143  12771
81.5286  12784
81.5429  12808
81.5572  12896
81.5715  12952
81.5858  13010
81.6001  13003
81.6144  12961
81.6287  12963
81.643   12951
81.6573  12942
81.6716  12947
81.6859  12929
81.7002  12990
81.7145  13036
81.7288  13099
81.7431  13149
81.7574  13176
81.7717  13238
81.786   13300
81.8003  13325
81.8146  13346
81.8289  13339
81.8432  13328
81.8575  13397
81.8718  13462
81.8861  13562
81.9004  13677
81.9147  13727
81.929   13742
81.9433  13776
81.9576  13835
81.9719  13942
81.9862  14017
82.0005  14127
82.0148  14219
82.0291  14308
82.0434  14377
82.0577  14516
82.072   14692
82.0863  14892
82.1006  15046
82.1149  15189
82.1292  15253
82.1435  15412
82.1578  15488
82.1721  15626
82.1864  15766
82.2007  15858
82.215   15970
82.2293  16021
82.2436  16122
82.2579  16251
82.2722  16334
82.2865  16518
82.3008  16615
82.3151  16710
82.3294  16716
82.3437  16722
82.358   16712
82.3723  16741
82.3866  16681
82.4009  16643
82.4152  16581
82.4295  16431
82.4438  16358
82.4581  16201
82.4724  16084
82.4867  16037
82.501   15855
82.5153  15767
82.5296  15622
82.5439  15554
82.5582  15466
82.5725  15341
82.5868  15288
82.6011  15238
82.6154  15103
82.6297  15025
82.644   14950
82.6583  14772
82.6726  14647
82.6869  14520
82.7012  14295
82.7155  14217
82.7298  14048
82.7441  13942
82.7584  13824
82.7727  13692
82.787   13635
82.8013  13585
82.8156  13514
82.8299  13479
82.8442  13417
82.8585  13295
82.8728  13247
82.8871  13212
82.9014  13125
82.9157  13126
82.93    13061
82.9443  12974
82.9586  12929
82.9729  12861
82.9872  12829
83.0015  12782
83.0158  12736
83.0301  12691
83.0444  12687
83.0587  12682
83.073   12694
83.0873  12701
83.1016  12696
83.1159  12702
83.1302  12683
83.1445  12648
83.1588  12645
83.1731  12567
83.1874  12535
83.2017  12535
83.216   12519
83.2303  12527
83.2446  12524
83.2589  12559
83.2732  12531
83.2875  12478
83.3018  12489
83.3161  12495
83.3304  12468
83.3447  12482
83.359   12389
83.3733  12308
83.3876  12370
83.4019  12410
83.4162  12385
83.4305  12464
83.4448  12475
83.4591  12526
83.4734  12429
83.4877  12415
83.502   12459
83.5163  12427
83.5306  12393
83.5449  12350
83.5592  12279
83.5735  12293
83.5878  12292
83.6021  12297
83.6164  12312
83.6307  12373
83.645   12365
83.6593  12342
83.6736  12277
83.6879  12300
83.7022  12261
83.7165  12274
83.7308  12251
83.7451  12254
83.7594  12279
83.7737  12278
83.788   12299
83.8023  12339
83.8166  12284
83.8309  12338
83.8452  12316
83.8595  12323
83.8738  12307
83.8881  12252
83.9024  12216
83.9167  12241
83.931   12235
83.9453  12223
83.9596  12184
83.9739  12177
83.9882  12207
84.0025  12189
84.0168  12175
84.0311  12263
84.0454  12283
84.0597  12324
84.074   12344
84.0883  12335
84.1026  12337
84.1169  12389
84.1312  12394
84.1455  12393
84.1598  12381
84.1741  12415
84.1884  12379
84.2027  12352
84.217   12368
84.2313  12315
84.2456  12302
84.2599  12274
84.2742  12239
84.2885  12213
84.3028  12155
84.3171  12134
84.3314  12155
84.3457  12152
84.36    12124
84.3743  12138
84.3886  12094
84.4029  12105
84.4172  12154
84.4315  12189
84.4458  12271
84.4601  12297
84.4744  12265
84.4887  12291
84.503   12231
84.5173  12256
84.5316  12300
84.5459  12217
84.5602  12207
84.5745  12179
84.5888  12166
84.6031  12172
84.6174  12198
84.6317  12252
84.646   12255
84.6603  12203
84.6746  12217
84.6889  12228
84.7032  12149
84.7175  12190
84.7318  12189
84.7461  12137
84.7604  12174
84.7747  12139
84.789   12153
84.8033  12129
84.8176  12103
84.8319  12090
84.8462  12119
84.8605  12109
84.8748  12160
84.8891  12082
84.9034  12031
84.9177  12085
84.932   12097
84.9463  12101
84.9606  12157
84.9749  12111
84.9892  12034
85.0035  11961
85.0178  11984
85.0321  11997
85.0464  12063
85.0607  12027
85.075   11995
85.0893  11996
85.1036  12017
85.1179  12034
85.1322  12102
85.1465  12141
85.1608  12145
85.1751  12118
85.1894  12086
85.2037  12075
85.218   12088
85.2323  12079
85.2466  12113
85.2609  12033
85.2752  12024
85.2895  12029
85.3038  12026
85.3181  12000
85.3324  11995
85.3467  11995
85.361   11998
85.3753  12036
85.3896  12020
85.4039  11977
85.4182  11990
85.4325  12037
85.4468  12032
85.4611  12031
85.4754  12054
85.4897  12030
85.504   12001
85.5183  11966
85.5326  11971
85.5469  12031
85.5612  12024
85.5755  12055
85.5898  12037
85.6041  12051
85.6184  12043
85.6327  12000
85.647   12022
85.6613  12021
85.6756  11999
85.6899  12009
85.7042  11999
85.7185  12018
85.7328  12013
85.7471  12022
85.7614  12013
85.7757  12021
85.79    12008
85.8043  11983
85.8186  11968
85.8329  11950
85.8472  11956
85.8615  11978
85.8758  11983
85.8901  11982
85.9044  11961
85.9187  11909
85.933   11868
85.9473  11871
85.9616  11893
85.9759  11944
85.9902  11949
86.0045  11929
86.0188  11947
86.0331  11919
86.0474  11971
86.0617  12005
86.076   11948
86.0903  11944
86.1046  11912
86.1189  11896
86.1332  11869
86.1475  11864
86.1618  11914
86.1761  11949
86.1904  11912
86.2047  11922
86.219   11958
86.2333  11928
86.2476  11972
86.2619  11972
86.2762  11971
86.2905  11980
86.3048  11938
86.3191  11933
86.3334  11908
86.3477  11884
86.362   11870
86.3763  11901
86.3906  11897
86.4049  11914
86.4192  11913
86.4335  11868
86.4478  11898
86.4621  11924
86.4764  11953
86.4907  11962
86.505   11971
86.5193  11911
86.5336  11910
86.5479  11906
86.5622  11921
86.5765  11954
86.5908  11921
86.6051  11889
86.6194  11903
86.6337  11903
86.648   11888
86.6623  11950
86.6766  11990
86.6909  12000
86.7052  12030
86.7195  11999
86.7338  12036
86.7481  11960
86.7624  11964
86.7767  11961
86.791   11907
86.8053  11907
86.8196  11912
86.8339  11920
86.8482  11927
86.8625  11939
86.8768  11948
86.8911  11999
86.9054  12031
86.9197  12012
86.934   11939
86.9483  11827
86.9626  11841
86.9769  11809
86.9912  11820
87.0055  11893
87.0198  11858
87.0341  11815
87.0484  11844
87.0627  11849
87.077   11901
87.0913  11901
87.1056  11902
87.1199  11886
87.1342  11859
87.1485  11808
87.1628  11815
87.1771  11853
87.1914  11967
87.2057  11991
87.22    11954
87.2343  11942
87.2486  11989
87.2629  11923
87.2772  11904
87.2915  11840
87.3058  11805
87.3201  11780
87.3344  11717
87.3487  11728
87.363   11730
87.3773  11699
87.3916  11791
87.4059  11804
87.4202  11852
87.4345  11844
87.4488  11812
87.4631  11762
87.4774  11780
87.4917  11763
87.506   11790
87.5203  11787
87.5346  11755
87.5489  11767
87.5632  11720
87.5775  11700
87.5918  11760
87.6061  11732
87.6204  11751
87.6347  11702
87.649   11706
87.6633  11692
87.6776  11706
87.6919  11765
87.7062  11811
87.7205  11826
87.7348  11849
87.7491  11847
87.7634  11825
87.7777  11760
87.792   11773
87.8063  11736
87.8206  11712
87.8349  11671
87.8492  11654
87.8635  11656
87.8778  11662
87.8921  11690
87.9064  11740
87.9207  11768
87.935   11786
87.9493  11732
87.9636  11665
87.9779  11641
87.9922  11684
88.0065  11664
88.0208  11678
88.0351  11670
88.0494  11636
88.0637  11660
88.078   11657
88.0923  11690
88.1066  11705
88.1209  11696
88.1352  11722
88.1495  11688
88.1638  11742
88.1781  11749
88.1924  11773
88.2067  11827
88.221   11873
88.2353  11843
88.2496  11864
88.2639  11860
88.2782  11758
88.2925  11751
88.3068  11706
88.3211  11680
88.3354  11688
88.3497  11672
88.364   11721
88.3783  11662
88.3926  11685
88.4069  11705
88.4212  11764
88.4355  11750
88.4498  11792
88.4641  11682
88.4784  11599
88.4927  11647
88.507   11636
88.5213  11622
88.5356  11697
88.5499  11739
88.5642  11749
88.5785  11683
88.5928  11680
88.6071  11675
88.6214  11711
88.6357  11652
88.65    11606
88.6643  11541
88.6786  11538
88.6929  11554
88.7072  11581
88.7215  11665
88.7358  11744
88.7501  11766
88.7644  11782
88.7787  11780
88.793   11793
88.8073  11725
88.8216  11710
88.8359  11625
88.8502  11564
88.8645  11554
88.8788  11523
88.8931  11546
88.9074  11547
88.9217  11539
88.936   11572
88.9503  11576
88.9646  11636
88.9789  11651
88.9932  11625
89.0075  11566
89.0218  11602
89.0361  11615
89.0504  11593
89.0647  11574
89.079   11520
89.0933  11548
89.1076  11503
89.1219  11483
89.1362  11527
89.1505  11516
89.1648  11534
89.1791  11557
89.1934  11567
89.2077  11531
89.222   11597
89.2363  11631
89.2506  11624
89.2649  11649
89.2792  11638
89.2935  11631
89.3078  11606
89.3221  11614
89.3364  11586
89.3507  11585
89.365   11561
89.3793  11537
89.3936  11511
89.4079  11465
89.4222  11481
89.4365  11522
89.4508  11539
89.4651  11552
89.4794  11526
89.4937  11492
89.508   11507
89.5223  11524
89.5366  11556
89.5509  11601
89.5652  11584
89.5795  11514
89.5938  11511
89.6081  11483
89.6224  11480
89.6367  11542
89.651   11510
89.6653  11542
89.6796  11523
89.6939  11526
89.7082  11543
89.7225  11562
89.7368  11594
89.7511  11606
89.7654  11566
89.7797  11566
89.794   11588
89.8083  11515
89.8226  11518
89.8369  11576
89.8512  11549
89.8655  11575
89.8798  11537
89.8941  11574
89.9084  11567
89.9227  11613
89.937   11668
89.9513  11600
89.9656  11522
89.9799  11582
89.9942  11582
90.0085  11582
